% Model:              EDL.mph
% Version:            COMSOL 4.4.0.248
% Date:               Nov 6 2016, 17:30
% Dimension:          1
% Nodes:              1448
% Expressions:        1
% Description:        Line graph
% r                       Height
0                         3.507205340879493
4.189289780832979E-11     3.5073976208942446
8.378579561665958E-11     3.5075899009089953
1.2567869342498936E-10    3.507782180923746
1.6757159123331916E-10    3.5079744609384975
2.0946448904164892E-10    3.508166740953248
2.5574492353830083E-10    3.508706502920726
3.020253580349527E-10     3.509246264888202
3.483057925316046E-10     3.509786026855679
3.945862270282565E-10     3.5103257888231565
4.4086666152490835E-10    3.510865550790633
4.919941500333006E-10     3.5118845091015407
5.431216385416927E-10     3.5129034674124475
5.942491270500851E-10     3.5139224257233552
6.453766155584772E-10     3.5149413840342625
6.965041040668695E-10     3.5159603423451697
7.529862889122908E-10     3.5176176465450855
8.094684737577123E-10     3.519274950745001
8.659506586031335E-10     3.5209322549449165
9.22432843448555E-10      3.522589559144832
9.789150282939763E-10     3.524246863344748
1.0413127193936645E-9     3.526730864594754
1.1037104104933525E-9     3.5292148658447604
1.1661081015930407E-9     3.5316988670947667
1.228505792692729E-9      3.5341828683447734
1.290903483792417E-9      3.5366668695947796
1.3598362248412454E-9     3.5402210277497366
1.4287689658900735E-9     3.5437751859046935
1.4977017069389018E-9     3.5473293440596505
1.5666344479877299E-9     3.550883502214607
1.6355671890365582E-9     3.5544376603695644
1.7117194107681762E-9     3.559372034839162
1.7878716324997942E-9     3.564306409308759
1.864023854231412E-9      3.569240783778356
1.94017607596303E-9       3.5741751582479533
2.016328297694648E-9      3.5791095327175504
2.1004561126252937E-9     3.58582925210218
2.184583927555939E-9      3.592548971486809
2.268711742486584E-9      3.5992686908714377
2.3528395574172295E-9     3.605988410256067
2.4369673723478746E-9     3.612708129640696
2.529906082027975E-9      3.6217430737929064
2.622844791708075E-9      3.6307780179451155
2.715783501388175E-9      3.639812962097326
2.808722211068275E-9      3.6488479062495354
2.901660920748375E-9      3.6578828504017453
3.004333310003815E-9      3.6699338427277324
3.107005699259255E-9      3.6819848350537203
3.209678088514695E-9      3.6940358273797074
3.3123504777701346E-9     3.7060868197056953
3.4150228670255746E-9     3.7181378120316824
3.5284483659646214E-9     3.7341490356822558
3.641873864903668E-9      3.7501602593328283
3.755299363842715E-9      3.766171482983401
3.868724862781761E-9      3.7821827066339746
3.982150361720808E-9      3.798193930284547
4.107455167620838E-9      3.819463556307777
4.2327599735208685E-9     3.8407331823310056
4.358064779420899E-9      3.8620028083542355
4.48336958532093E-9       3.8832724343774645
4.60867439122096E-9       3.904542060400694
4.74710265076309E-9       3.9329021479525075
4.885530910305219E-9      3.9612622355043223
5.023959169847349E-9      3.989622323056135
5.162387429389479E-9      4.017982410607949
5.3008156889316085E-9     4.046342498159763
5.453741850582991E-9      4.084448754269675
5.606668012234374E-9      4.122555010379586
5.7595941738857555E-9     4.160661266489498
5.912520335537139E-9      4.198767522599411
6.065446497188521E-9      4.236873778709322
6.234388958943705E-9      4.288721795905896
6.403331420698887E-9      4.340569813102469
6.57227388245407E-9       4.392417830299044
6.7412163442092536E-9     4.444265847495617
6.910158805964436E-9      4.496113864692192
7.096794990760213E-9      4.5680213645383345
7.283431175555989E-9      4.639928864384478
7.470067360351766E-9      4.71183636423062
7.656703545147541E-9      4.783743864076763
7.843339729943318E-9      4.855651363922906
8.049522589119894E-9      4.9581244080749665
8.255705448296469E-9      5.060597452227027
8.461888307473043E-9      5.163070496379086
8.66807116664962E-9       5.265543540531146
8.874254025826196E-9      5.368016584683207
9.099403220660955E-9      5.517799405404301
9.324552415495714E-9      5.667582226125395
9.549701610330474E-9      5.817365046846491
9.774850805165232E-9      5.967147867567585
9.999999999999992E-9      6.116930688288679
1.0225149194834752E-8     6.32415814682067
1.045029838966951E-8      6.531385605352661
1.067544758450427E-8      6.738613063884651
1.0900596779339028E-8     6.945840522416643
1.1125745974173788E-8     7.1530679809486335
1.1331928833350368E-8     7.419993477714592
1.1538111692526947E-8     7.68691897448055
1.1744294551703525E-8     7.95384447124651
1.1950477410880106E-8     8.220769968012469
1.2156660270056686E-8     8.487695464778428
1.2343296454852464E-8     8.828338950114384
1.252993263964824E-8      9.16898243545034
1.2716568824444016E-8     9.509625920786295
1.2903205009239795E-8     9.850269406122251
1.308984119403557E-8      10.190912891458208
1.3258783655790755E-8     10.628464126437086
1.3427726117545937E-8     11.066015361415962
1.359666857930112E-8      11.50356659639484
1.3765611041056303E-8     11.941117831373719
1.3934553502811485E-8     12.378669066352595
1.4087479664462868E-8     12.944906578019578
1.4240405826114248E-8     13.511144089686558
1.439333198776563E-8      14.07738160135354
1.4546258149417012E-8     14.643619113020524
1.4699184311068394E-8     15.209856624687506
1.4837612570610523E-8     15.949443619315433
1.4976040830152653E-8     16.68903061394336
1.511446908969478E-8      17.428617608571287
1.525289734923691E-8      18.16820460319921
1.539132560877904E-8      18.90779159782714
1.5516630414679068E-8     19.884559975441142
1.5641935220579097E-8     20.861328353055146
1.576724002647913E-8      21.83809673066915
1.5892544832379157E-8     22.81486510828315
1.6017849638279186E-8     23.791633485897155
1.6131275137218235E-8     25.099828411946856
1.6244700636157284E-8     26.408023337996557
1.635812613509633E-8      27.716218264046258
1.6471551634035378E-8     29.02441319009596
1.6584977132974427E-8     30.33260811614566
1.6687649522229866E-8     32.113760049404306
1.6790321911485305E-8     33.89491198266294
1.6892994300740748E-8     35.676063915921574
1.6995666689996187E-8     37.457215849180216
1.7098339079251626E-8     39.23836778243886
1.7191277788931725E-8     41.710635907265335
1.7284216498611824E-8     44.18290403209181
1.737715520829192E-8      46.65517215691828
1.747009391797202E-8      49.127440281744754
1.756303262765212E-8      51.59970840657123
1.7647160442582766E-8     55.109346629769156
1.773128825751341E-8      58.618984852967074
1.7815416072444053E-8     62.128623076165
1.7899543887374696E-8     65.63826129936292
1.7983671702305343E-8     69.14789952256085
1.805982392403696E-8      74.26916606248365
1.8135976145768583E-8     79.39043260240645
1.8212128367500202E-8     84.51169914232926
1.8288280589231824E-8     89.63296568225208
1.8364432810963442E-8     94.75423222217488
1.8433365552012273E-8     102.4937556780392
1.8502298293061096E-8     110.23327913390351
1.857123103410993E-8      117.97280258976782
1.8640163775158753E-8     125.71232604563214
1.8709096516207583E-8     133.45184950149647
1.8771494207307272E-8     145.6852721938924
1.883389189840696E-8      157.91869488628834
1.8896289589506644E-8     170.15211757868428
1.8958687280606333E-8     182.38554027108023
1.9021084971706022E-8     194.61896296347615
1.9077567156551446E-8     215.14603454852173
1.9134049341396865E-8     235.67310613356725
1.9190531526242286E-8     256.20017771861285
1.9247013711087707E-8     276.72724930365837
1.930349589593313E-8      297.25432088870394
1.9354623384441523E-8     334.7777801831433
1.9405750872949914E-8     372.30123947758267
1.9456878361458308E-8     409.82469877202203
1.95080058499667E-8       447.34815806646145
1.9559133338475093E-8     484.8716173609008
1.9605413772971743E-8     561.284037230122
1.9651694207468397E-8     637.696457099343
1.9697974641965047E-8     714.1088769685639
1.9744255076461697E-8     790.5212968377851
1.9790535510958347E-8     866.933716707006
1.9832428408766678E-8     1053.525359113865
1.987432130657501E-8      1240.1170015207238
1.991621420438334E-8      1426.7086439275827
1.995810710219167E-8      1613.3002863344416
2.0E-8                    1799.8919287413005
0                         2.3620945741276707
4.189289780832979E-11     2.362204775107958
8.378579561665958E-11     2.362314976088245
1.2567869342498936E-10    2.3624251770685327
1.6757159123331916E-10    2.3625353780488196
2.0946448904164892E-10    2.3626455790291074
2.5574492353830083E-10    2.362954851742928
3.020253580349527E-10     2.363264124456749
3.483057925316046E-10     2.36357339717057
3.945862270282565E-10     2.3638826698843904
4.4086666152490835E-10    2.364191942598211
4.919941500333006E-10     2.3647754627724167
5.431216385416927E-10     2.3653589829466215
5.942491270500851E-10     2.365942503120827
6.453766155584772E-10     2.366526023295032
6.965041040668695E-10     2.3671095434692377
7.529862889122908E-10     2.368057706804441
8.094684737577123E-10     2.369005870139645
8.659506586031335E-10     2.3699540334748486
9.22432843448555E-10      2.3709021968100523
9.789150282939763E-10     2.3718503601452556
1.0413127193936645E-9     2.373269380314594
1.1037104104933525E-9     2.3746884004839326
1.1661081015930407E-9     2.3761074206532706
1.228505792692729E-9      2.3775264408226087
1.290903483792417E-9      2.3789454609919467
1.3598362248412454E-9     2.380971454075431
1.4287689658900735E-9     2.3829974471589157
1.4977017069389018E-9     2.3850234402423998
1.5666344479877299E-9     2.3870494333258843
1.6355671890365582E-9     2.3890754264093683
1.7117194107681762E-9     2.3918797417319126
1.7878716324997942E-9     2.394684057054457
1.864023854231412E-9      2.3974883723770004
1.94017607596303E-9       2.4002926876995456
2.016328297694648E-9      2.4030970030220895
2.1004561126252937E-9     2.4069003098367494
2.184583927555939E-9      2.4107036166514084
2.268711742486584E-9      2.4145069234660683
2.3528395574172295E-9     2.418310230280727
2.4369673723478746E-9     2.422113537095387
2.529906082027975E-9      2.4271991258780403
2.622844791708075E-9      2.4322847146606934
2.715783501388175E-9      2.4373703034433465
2.808722211068275E-9      2.4424558922259996
2.901660920748375E-9      2.447541481008653
3.004333310003815E-9      2.4542754219726945
3.107005699259255E-9      2.4610093629367364
3.209678088514695E-9      2.467743303900778
3.3123504777701346E-9     2.4744772448648193
3.4150228670255746E-9     2.4812111858288617
3.5284483659646214E-9     2.4900728116912374
3.641873864903668E-9      2.498934437553613
3.755299363842715E-9      2.507796063415989
3.868724862781761E-9      2.5166576892783645
3.982150361720808E-9      2.5255193151407402
4.107455167620838E-9      2.537145229686029
4.2327599735208685E-9     2.548771144231318
4.358064779420899E-9      2.5603970587766063
4.48336958532093E-9       2.5720229733218956
4.60867439122096E-9       2.583648887867184
4.74710265076309E-9       2.598900832350898
4.885530910305219E-9      2.614152776834612
5.023959169847349E-9      2.6294047213183256
5.162387429389479E-9      2.6446566658020396
5.3008156889316085E-9     2.6599086102857536
5.453741850582991E-9      2.679974815761067
5.606668012234374E-9      2.7000410212363817
5.7595941738857555E-9     2.7201072267116957
5.912520335537139E-9      2.7401734321870097
6.065446497188521E-9      2.7602396376623237
6.234388958943705E-9      2.7868044810269756
6.403331420698887E-9      2.8133693243916262
6.57227388245407E-9       2.839934167756278
6.7412163442092536E-9     2.866499011120929
6.910158805964436E-9      2.8930638544855807
7.096794990760213E-9      2.928607935416939
7.283431175555989E-9      2.964152016348296
7.470067360351766E-9      2.9996960972796534
7.656703545147541E-9      3.0352401782110108
7.843339729943318E-9      3.0707842591423686
8.049522589119894E-9      3.119092460560448
8.255705448296469E-9      3.167400661978528
8.461888307473043E-9      3.2157088633966078
8.66807116664962E-9       3.264017064814688
8.874254025826196E-9      3.3123252662327674
9.099403220660955E-9      3.378624705812869
9.324552415495714E-9      3.4449241453929695
9.549701610330474E-9      3.5112235849730706
9.774850805165232E-9      3.5775230245531713
9.999999999999992E-9      3.643822464133273
1.0225149194834752E-8     3.7284896049435714
1.045029838966951E-8      3.8131567457538704
1.067544758450427E-8      3.897823886564169
1.0900596779339028E-8     3.9824910273744676
1.1125745974173788E-8     4.067158168184766
1.1331928833350368E-8     4.166386991377742
1.1538111692526947E-8     4.265615814570716
1.1744294551703525E-8     4.364844637763691
1.1950477410880106E-8     4.4640734609566675
1.2156660270056686E-8     4.563302284149642
1.2343296454852464E-8     4.677275786187602
1.252993263964824E-8      4.791249288225561
1.2716568824444016E-8     4.905222790263521
1.2903205009239795E-8     5.01919629230148
1.308984119403557E-8      5.13316979433944
1.3258783655790755E-8     5.263348415228094
1.3427726117545937E-8     5.3935270361167476
1.359666857930112E-8      5.523705657005402
1.3765611041056303E-8     5.653884277894056
1.3934553502811485E-8     5.78406289878271
1.4087479664462868E-8     5.931933214823171
1.4240405826114248E-8     6.079803530863632
1.439333198776563E-8      6.227673846904093
1.4546258149417012E-8     6.375544162944554
1.4699184311068394E-8     6.523414478985015
1.4837612570610523E-8     6.690531485691673
1.4976040830152653E-8     6.8576484923983285
1.511446908969478E-8      7.024765499104985
1.525289734923691E-8      7.191882505811642
1.539132560877904E-8      7.358999512518299
1.5516630414679068E-8     7.546926499715828
1.5641935220579097E-8     7.734853486913356
1.576724002647913E-8      7.922780474110884
1.5892544832379157E-8     8.110707461308413
1.6017849638279186E-8     8.298634448505942
1.6131275137218235E-8     8.508980545139508
1.6244700636157284E-8     8.719326641773074
1.635812613509633E-8      8.92967273840664
1.6471551634035378E-8     9.140018835040205
1.6584977132974427E-8     9.350364931673772
1.6687649522229866E-8     9.584654917455786
1.6790321911485305E-8     9.818944903237801
1.6892994300740748E-8     10.053234889019816
1.6995666689996187E-8     10.28752487480183
1.7098339079251626E-8     10.521814860583847
1.7191277788931725E-8     10.781401530427292
1.7284216498611824E-8     11.040988200270736
1.737715520829192E-8      11.30057487011418
1.747009391797202E-8      11.560161539957624
1.756303262765212E-8      11.81974820980107
1.7647160442582766E-8     12.105709328933196
1.773128825751341E-8      12.391670448065325
1.7815416072444053E-8     12.677631567197452
1.7899543887374696E-8     12.963592686329578
1.7983671702305343E-8     13.249553805461707
1.805982392403696E-8      13.562670275507203
1.8135976145768583E-8     13.875786745552698
1.8212128367500202E-8     14.188903215598193
1.8288280589231824E-8     14.50201968564369
1.8364432810963442E-8     14.815136155689185
1.8433365552012273E-8     15.155905976300499
1.8502298293061096E-8     15.496675796911813
1.857123103410993E-8      15.837445617523125
1.8640163775158753E-8     16.17821543813444
1.8709096516207583E-8     16.518985258745754
1.8771494207307272E-8     16.88752724851782
1.883389189840696E-8      17.256069238289882
1.8896289589506644E-8     17.624611228061948
1.8958687280606333E-8     17.99315321783401
1.9021084971706022E-8     18.36169520760608
1.9077567156551446E-8     18.757676278809164
1.9134049341396865E-8     19.153657350012253
1.9190531526242286E-8     19.54963842121534
1.9247013711087707E-8     19.945619492418427
1.930349589593313E-8      20.341600563621512
1.9354623384441523E-8     20.76425882039679
1.9405750872949914E-8     21.186917077172073
1.9456878361458308E-8     21.60957533394735
1.95080058499667E-8       22.032233590722626
1.9559133338475093E-8     22.454891847497905
1.9605413772971743E-8     22.902715978203055
1.9651694207468397E-8     23.350540108908206
1.9697974641965047E-8     23.79836423961335
1.9744255076461697E-8     24.2461883703185
1.9790535510958347E-8     24.694012501023646
1.9832428408766678E-8     25.16464419027994
1.987432130657501E-8      25.63527587953623
1.991621420438334E-8      26.105907568792524
1.995810710219167E-8      26.576539258048815
2.0E-8                    27.047170947305112
0                         1.2253404685516012
4.189289780832979E-11     1.2255813800644786
8.378579561665958E-11     1.2258222915773551
1.2567869342498936E-10    1.2260632030902334
1.6757159123331916E-10    1.2263041146031108
2.0946448904164892E-10    1.2265450261159883
2.5574492353830083E-10    1.2272215126077288
3.020253580349527E-10     1.2278979990994694
3.483057925316046E-10     1.22857448559121
3.945862270282565E-10     1.2292509720829514
4.4086666152490835E-10    1.229927458574692
4.919941500333006E-10     1.2312051685175645
5.431216385416927E-10     1.232482878460436
5.942491270500851E-10     1.2337605884033076
6.453766155584772E-10     1.23503829834618
6.965041040668695E-10     1.2363160082890516
7.529862889122908E-10     1.2383958725494502
8.094684737577123E-10     1.2404757368098505
8.659506586031335E-10     1.2425556010702499
9.22432843448555E-10      1.2446354653306502
9.789150282939763E-10     1.2467153295910487
1.0413127193936645E-9     1.249836504332949
1.1037104104933525E-9     1.2529576790748473
1.1661081015930407E-9     1.2560788538167476
1.228505792692729E-9      1.2592000285586469
1.290903483792417E-9      1.2623212033005462
1.3598362248412454E-9     1.2667948060222356
1.4287689658900735E-9     1.2712684087439259
1.4977017069389018E-9     1.2757420114656144
1.5666344479877299E-9     1.2802156141873038
1.6355671890365582E-9     1.2846892169089932
1.7117194107681762E-9     1.2909146628002572
1.7878716324997942E-9     1.2971401086915195
1.864023854231412E-9      1.3033655545827827
1.94017607596303E-9       1.309591000474044
2.016328297694648E-9      1.3158164463653073
2.1004561126252937E-9     1.3243205457843663
2.184583927555939E-9      1.3328246452034254
2.268711742486584E-9      1.3413287446224853
2.3528395574172295E-9     1.3498328440415426
2.4369673723478746E-9     1.3583369434606025
2.529906082027975E-9      1.3698162128315472
2.622844791708075E-9      1.3812954822024928
2.715783501388175E-9      1.3927747515734383
2.808722211068275E-9      1.404254020944384
2.901660920748375E-9      1.4157332903153295
3.004333310003815E-9      1.4311197033044216
3.107005699259255E-9      1.446506116293513
3.209678088514695E-9      1.4618925292826042
3.3123504777701346E-9     1.4772789422716972
3.4150228670255746E-9     1.4926653552607885
3.5284483659646214E-9     1.5132289434394322
3.641873864903668E-9      1.533792531618074
3.755299363842715E-9      1.5543561197967186
3.868724862781761E-9      1.5749197079753605
3.982150361720808E-9      1.5954832961540042
4.107455167620838E-9      1.6229878671067466
4.2327599735208685E-9     1.650492438059488
4.358064779420899E-9      1.6779970090122305
4.48336958532093E-9       1.705501579964972
4.60867439122096E-9       1.7330061509177135
4.74710265076309E-9       1.7699579278568534
4.885530910305219E-9      1.8069097047959923
5.023959169847349E-9      1.843861481735133
5.162387429389479E-9      1.8808132586742712
5.3008156889316085E-9     1.917765035613411
5.453741850582991E-9      1.9678024741362785
5.606668012234374E-9      2.017839912659146
5.7595941738857555E-9     2.0678773511820125
5.912520335537139E-9      2.117914789704881
6.065446497188521E-9      2.1679522282277475
6.234388958943705E-9      2.23651336289379
6.403331420698887E-9      2.305074497559831
6.57227388245407E-9       2.3736356322258736
6.7412163442092536E-9     2.4421967668919153
6.910158805964436E-9      2.510757901557957
7.096794990760213E-9      2.6062890971046295
7.283431175555989E-9      2.7018202926513037
7.470067360351766E-9      2.7973514881979744
7.656703545147541E-9      2.8928826837446477
7.843339729943318E-9      2.988413879291321
8.049522589119894E-9      3.1245167496969515
8.255705448296469E-9      3.260619620102579
8.461888307473043E-9      3.3967224905082096
8.66807116664962E-9       3.5328253609138374
8.874254025826196E-9      3.6689282313194678
9.099403220660955E-9      3.8661347949257685
9.324552415495714E-9      4.063341358532069
9.549701610330474E-9      4.260547922138371
9.774850805165232E-9      4.457754485744672
9.999999999999992E-9      4.654961049350972
1.0225149194834752E-8     4.922297770028785
1.045029838966951E-8      5.189634490706598
1.067544758450427E-8      5.4569712113844115
1.0900596779339028E-8     5.724307932062224
1.1125745974173788E-8     5.991644652740037
1.1331928833350368E-8     6.325483880241171
1.1538111692526947E-8     6.659323107742305
1.1744294551703525E-8     6.99316233524344
1.1950477410880106E-8     7.327001562744573
1.2156660270056686E-8     7.660840790245709
1.2343296454852464E-8     8.07151983619621
1.252993263964824E-8      8.482198882146708
1.2716568824444016E-8     8.892877928097205
1.2903205009239795E-8     9.303556974047705
1.308984119403557E-8      9.714236019998204
1.3258783655790755E-8     10.22194639576357
1.3427726117545937E-8     10.729656771528937
1.359666857930112E-8      11.237367147294302
1.3765611041056303E-8     11.74507752305967
1.3934553502811485E-8     12.252787898825035
1.4087479664462868E-8     12.8865389403392
1.4240405826114248E-8     13.520289981853365
1.439333198776563E-8      14.154041023367528
1.4546258149417012E-8     14.787792064881693
1.4699184311068394E-8     15.421543106395855
1.4837612570610523E-8     16.22378485902402
1.4976040830152653E-8     17.026026611652178
1.511446908969478E-8      17.828268364280337
1.525289734923691E-8      18.6305101169085
1.539132560877904E-8      19.43275186953666
1.5516630414679068E-8     20.465800983568084
1.5641935220579097E-8     21.498850097599504
1.576724002647913E-8      22.531899211630925
1.5892544832379157E-8     23.56494832566235
1.6017849638279186E-8     24.59799743969377
1.6131275137218235E-8     25.95525599017355
1.6244700636157284E-8     27.312514540653318
1.635812613509633E-8      28.669773091133095
1.6471551634035378E-8     30.02703164161287
1.6584977132974427E-8     31.384290192092642
1.6687649522229866E-8     33.20705498743987
1.6790321911485305E-8     35.029819782787094
1.6892994300740748E-8     36.85258457813432
1.6995666689996187E-8     38.675349373481545
1.7098339079251626E-8     40.49811416882877
1.7191277788931725E-8     43.00485767875254
1.7284216498611824E-8     45.511601188676316
1.737715520829192E-8      48.01834469860009
1.747009391797202E-8      50.52508820852387
1.756303262765212E-8      53.03183171844764
1.7647160442582766E-8     56.56959958588559
1.773128825751341E-8      60.107367453323526
1.7815416072444053E-8     63.64513532076148
1.7899543887374696E-8     67.18290318819942
1.7983671702305343E-8     70.72067105563737
1.805982392403696E-8      75.86500812672621
1.8135976145768583E-8     81.00934519781505
1.8212128367500202E-8     86.15368226890388
1.8288280589231824E-8     91.29801933999272
1.8364432810963442E-8     96.44235641108155
1.8433365552012273E-8     104.20186888229802
1.8502298293061096E-8     111.96138135351447
1.857123103410993E-8      119.72089382473092
1.8640163775158753E-8     127.4804062959474
1.8709096516207583E-8     135.23991876716386
1.8771494207307272E-8     147.4936315488408
1.883389189840696E-8      159.7473443305177
1.8896289589506644E-8     172.00105711219462
1.8958687280606333E-8     184.25476989387155
1.9021084971706022E-8     196.50848267554846
1.9077567156551446E-8     217.0631220208232
1.9134049341396865E-8     237.61776136609785
1.9190531526242286E-8     258.1724007113725
1.9247013711087707E-8     278.7270400566472
1.930349589593313E-8      299.2816794019219
1.9354623384441523E-8     336.8577708039479
1.9405750872949914E-8     374.4338622059739
1.9456878361458308E-8     412.00995360799993
1.95080058499667E-8       449.58604501002594
1.9559133338475093E-8     487.16213641205195
1.9605413772971743E-8     563.7095146375026
1.9651694207468397E-8     640.2568928629531
1.9697974641965047E-8     716.8042710884037
1.9744255076461697E-8     793.3516493138543
1.9790535510958347E-8     869.8990275393048
1.9832428408766678E-8     1056.9502809151584
1.987432130657501E-8      1244.0015342910121
1.991621420438334E-8      1431.052787666866
1.995810710219167E-8      1618.1040410427192
2.0E-8                    1805.155294418573
0                         0.22448469098722335
4.189289780832979E-11     0.2245523803407803
8.378579561665958E-11     0.22462006969433723
1.2567869342498936E-10    0.2246877590478924
1.6757159123331916E-10    0.22475544840145112
2.0946448904164892E-10    0.22482313775500806
2.5574492353830083E-10    0.22501331454130913
3.020253580349527E-10     0.22520349132760842
3.483057925316046E-10     0.22539366811391126
3.945862270282565E-10     0.22558384490021055
4.4086666152490835E-10    0.22577402168651162
4.919941500333006E-10     0.22613359592584814
5.431216385416927E-10     0.22649317016518467
5.942491270500851E-10     0.2268527444045212
6.453766155584772E-10     0.2272123186438577
6.965041040668695E-10     0.22757189288319424
7.529862889122908E-10     0.22815826220703883
8.094684737577123E-10     0.2287446315308852
8.659506586031335E-10     0.2293310008547298
9.22432843448555E-10      0.22991737017857616
9.789150282939763E-10     0.23050373950242076
1.0413127193936645E-9     0.23138609097885698
1.1037104104933525E-9     0.2322684424552932
1.1661081015930407E-9     0.23315079393172766
1.228505792692729E-9      0.2340331454081639
1.290903483792417E-9      0.23491549688460012
1.3598362248412454E-9     0.23618515151680697
1.4287689658900735E-9     0.23745480614901382
1.4977017069389018E-9     0.23872446078122067
1.5666344479877299E-9     0.23999411541342752
1.6355671890365582E-9     0.24126377004563437
1.7117194107681762E-9     0.24304018270400363
1.7878716324997942E-9     0.24481659536236933
1.864023854231412E-9      0.24659300802073858
1.94017607596303E-9       0.24836942067910606
2.016328297694648E-9      0.25014583333747353
2.1004561126252937E-9     0.2525901041465577
2.184583927555939E-9      0.2550343749556401
2.268711742486584E-9      0.25747864576472423
2.3528395574172295E-9     0.25992291657380484
2.4369673723478746E-9     0.262367187382889
2.529906082027975E-9      0.2656981076388796
2.622844791708075E-9      0.2690290278948684
2.715783501388175E-9      0.2723599481508572
2.808722211068275E-9      0.27569086840684776
2.901660920748375E-9      0.27902178866283656
3.004333310003815E-9      0.2835413398527056
3.107005699259255E-9      0.2880608910425746
3.209678088514695E-9      0.2925804422324436
3.3123504777701346E-9     0.29709999342231086
3.4150228670255746E-9     0.30161954461218166
3.5284483659646214E-9     0.3077538030668663
3.641873864903668E-9      0.3138880615215527
3.755299363842715E-9      0.3200223199762391
3.868724862781761E-9      0.32615657843092194
3.982150361720808E-9      0.3322908368856101
4.107455167620838E-9      0.3406545188564518
4.2327599735208685E-9     0.3490182008272953
4.358064779420899E-9      0.357381882798137
4.48336958532093E-9       0.3657455647689787
4.60867439122096E-9       0.37410924673982215
4.74710265076309E-9       0.38561204783801273
4.885530910305219E-9      0.3971148489362015
5.023959169847349E-9      0.4086176500343903
5.162387429389479E-9      0.4201204511325791
5.3008156889316085E-9     0.4316232522307697
5.453741850582991E-9      0.4476429505089783
5.606668012234374E-9      0.46366264878719043
5.7595941738857555E-9     0.47968234706539903
5.912520335537139E-9      0.4957020453436094
6.065446497188521E-9      0.5117217436218198
6.234388958943705E-9      0.5344062164432444
6.403331420698887E-9      0.5570906892646708
6.57227388245407E-9       0.5797751620860954
6.7412163442092536E-9     0.6024596349075217
6.910158805964436E-9      0.6251441077289464
7.096794990760213E-9      0.6579626348516623
7.283431175555989E-9      0.6907811619743782
7.470067360351766E-9      0.7235996890970942
7.656703545147541E-9      0.7564182162198101
7.843339729943318E-9      0.789236743342526
8.049522589119894E-9      0.8379542847073704
8.255705448296469E-9      0.8866718260722131
8.461888307473043E-9      0.9353893674370592
8.66807116664962E-9       0.9841069088019019
8.874254025826196E-9      1.0328244501667463
9.099403220660955E-9      1.1063955240713508
9.324552415495714E-9      1.1799665979759517
9.549701610330474E-9      1.2535376718805527
9.774850805165232E-9      1.3271087457851554
9.999999999999992E-9      1.400679819689758
1.0225149194834752E-8     1.503795455605058
1.045029838966951E-8      1.6069110915203542
1.067544758450427E-8      1.710026727435654
1.0900596779339028E-8     1.8131423633509502
1.1125745974173788E-8     1.91625799926625
1.1331928833350368E-8     2.047012052861332
1.1538111692526947E-8     2.177766106456417
1.1744294551703525E-8     2.308520160051499
1.1950477410880106E-8     2.4392742136465824
1.2156660270056686E-8     2.570028267241664
1.2343296454852464E-8     2.7294268892579066
1.252993263964824E-8      2.888825511274149
1.2716568824444016E-8     3.0482241332903914
1.2903205009239795E-8     3.207622755306634
1.308984119403557E-8      3.3670213773228763
1.3258783655790755E-8     3.5569385670446323
1.3427726117545937E-8     3.7468557567663883
1.359666857930112E-8      3.9367729464881442
1.3765611041056303E-8     4.126690136209902
1.3934553502811485E-8     4.316607325931656
1.4087479664462868E-8     4.538256877559196
1.4240405826114248E-8     4.7599064291867315
1.439333198776563E-8      4.981555980814271
1.4546258149417012E-8     5.2032055324418085
1.4699184311068394E-8     5.424855084069348
1.4837612570610523E-8     5.679086617039986
1.4976040830152653E-8     5.933318150010625
1.511446908969478E-8      6.187549682981263
1.525289734923691E-8      6.4417812159519015
1.539132560877904E-8      6.69601274892254
1.5516630414679068E-8     6.9834614302029765
1.5641935220579097E-8     7.270910111483416
1.576724002647913E-8      7.558358792763851
1.5892544832379157E-8     7.845807474044291
1.6017849638279186E-8     8.133256155324727
1.6131275137218235E-8     8.454649087414065
1.6244700636157284E-8     8.776042019503398
1.635812613509633E-8      9.097434951592735
1.6471551634035378E-8     9.418827883682072
1.6584977132974427E-8     9.740220815771409
1.6687649522229866E-8     10.096402145429634
1.6790321911485305E-8     10.45258347508786
1.6892994300740748E-8     10.80876480474609
1.6995666689996187E-8     11.164946134404314
1.7098339079251626E-8     11.521127464062541
1.7191277788931725E-8     11.913102587871563
1.7284216498611824E-8     12.305077711680582
1.737715520829192E-8      12.6970528354896
1.747009391797202E-8      13.089027959298623
1.756303262765212E-8      13.481003083107645
1.7647160442582766E-8     13.909897970143943
1.773128825751341E-8      14.338792857180241
1.7815416072444053E-8     14.767687744216545
1.7899543887374696E-8     15.196582631252845
1.7983671702305343E-8     15.625477518289147
1.805982392403696E-8      16.092547650298094
1.8135976145768583E-8     16.55961778230704
1.8212128367500202E-8     17.02668791431598
1.8288280589231824E-8     17.49375804632493
1.8364432810963442E-8     17.960828178333873
1.8433365552012273E-8     18.46745917198403
1.8502298293061096E-8     18.974090165634173
1.857123103410993E-8      19.480721159284325
1.8640163775158753E-8     19.987352152934477
1.8709096516207583E-8     20.493983146584625
1.8771494207307272E-8     21.04149459835562
1.883389189840696E-8      21.589006050126613
1.8896289589506644E-8     22.136517501897607
1.8958687280606333E-8     22.684028953668594
1.9021084971706022E-8     23.23154040543959
1.9077567156551446E-8     23.82099902570271
1.9134049341396865E-8     24.41045764596584
1.9190531526242286E-8     24.999916266228965
1.9247013711087707E-8     25.58937488649209
1.930349589593313E-8      26.17883350675522
1.9354623384441523E-8     26.810979236907663
1.9405750872949914E-8     27.443124967060108
1.9456878361458308E-8     28.075270697212552
1.95080058499667E-8       28.707416427364997
1.9559133338475093E-8     29.33956215751744
1.9605413772971743E-8     30.014181697389734
1.9651694207468397E-8     30.68880123726202
1.9697974641965047E-8     31.36342077713431
1.9744255076461697E-8     32.0380403170066
1.9790535510958347E-8     32.712659856878886
1.9832428408766678E-8     33.428249659969616
1.987432130657501E-8      34.143839463060345
1.991621420438334E-8      34.85942926615107
1.995810710219167E-8      35.5750190692418
2.0E-8                    36.29060887233252
0                         6.907613055773254E-6
4.189289780832979E-11     6.926161944420528E-6
8.378579561665958E-11     6.944710804646093E-6
1.2567869342498936E-10    6.963259679082512E-6
1.6757159123331916E-10    6.981808553518931E-6
2.0946448904164892E-10    7.0003574279553504E-6
2.5574492353830083E-10    7.053175977489445E-6
3.020253580349527E-10     7.1059945128126856E-6
3.483057925316046E-10     7.1588130623467805E-6
3.945862270282565E-10     7.211631597670021E-6
4.4086666152490835E-10    7.264450147204116E-6
4.919941500333006E-10     7.366943961528705E-6
5.431216385416927E-10     7.469437775853294E-6
5.942491270500851E-10     7.571931575967028E-6
6.453766155584772E-10     7.674425390291617E-6
6.965041040668695E-10     7.776919204616206E-6
7.529862889122908E-10     7.951537767780792E-6
8.094684737577123E-10     8.126156373577942E-6
8.659506586031335E-10     8.300774936742528E-6
9.22432843448555E-10      8.475393514117968E-6
9.789150282939763E-10     8.650012091493409E-6
1.0413127193936645E-9     8.930590027489416E-6
1.1037104104933525E-9     9.211167977696277E-6
1.1661081015930407E-9     9.491745913692284E-6
1.228505792692729E-9      9.772323863899146E-6
1.290903483792417E-9      1.0052901799895153E-5
1.3598362248412454E-9     1.0495579729763449E-5
1.4287689658900735E-9     1.09382576738426E-5
1.4977017069389018E-9     1.1380935603710896E-5
1.5666344479877299E-9     1.1823613533579191E-5
1.6355671890365582E-9     1.2266291477658342E-5
1.7117194107681762E-9     1.2966679960868532E-5
1.7878716324997942E-9     1.3667068415657013E-5
1.864023854231412E-9      1.4367456884656349E-5
1.94017607596303E-9       1.5067845353655684E-5
2.016328297694648E-9      1.576823382265502E-5
2.1004561126252937E-9     1.68979565984273E-5
2.184583927555939E-9      1.8027679359988724E-5
2.268711742486584E-9      1.915740212155015E-5
2.3528395574172295E-9     2.0287124883111574E-5
2.4369673723478746E-9     2.1416847658883853E-5
2.529906082027975E-9      2.329630737563093E-5
2.622844791708075E-9      2.5175767106588864E-5
2.715783501388175E-9      2.7055226809125088E-5
2.808722211068275E-9      2.893468654008302E-5
2.901660920748375E-9      3.08141462568301E-5
3.004333310003815E-9      3.406957004870037E-5
3.107005699259255E-9      3.732499382635979E-5
3.209678088514695E-9      4.058041761823006E-5
3.3123504777701346E-9     4.3835841395889474E-5
3.4150228670255746E-9     4.7091265187759745E-5
3.5284483659646214E-9     5.301294754644914E-5
3.641873864903668E-9      5.8934629905138536E-5
3.755299363842715E-9      6.485631224961708E-5
3.868724862781761E-9      7.077799460830647E-5
3.982150361720808E-9      7.669967695278501E-5
4.107455167620838E-9      8.810374838219559E-5
4.2327599735208685E-9     9.950781979739531E-5
4.358064779420899E-9      1.1091189124101675E-4
4.48336958532093E-9       1.2231596264200562E-4
4.60867439122096E-9       1.337200340714162E-4
4.74710265076309E-9       1.5716665805598495E-4
4.885530910305219E-9      1.806132820405537E-4
5.023959169847349E-9      2.0405990601091162E-4
5.162387429389479E-9      2.2750653000969123E-4
5.3008156889316085E-9     2.5095315398004914E-4
5.453741850582991E-9      3.028352423228853E-4
5.606668012234374E-9      3.5471733065151057E-4
5.7595941738857555E-9     4.0659941900855756E-4
5.912520335537139E-9      4.5848150733718285E-4
6.065446497188521E-9      5.10363595680019E-4
6.234388958943705E-9      6.35126779442885E-4
6.403331420698887E-9      7.598899631773293E-4
6.57227388245407E-9       8.846531469544061E-4
6.7412163442092536E-9     0.0010094163306888504
6.910158805964436E-9      0.0011341795144517164
7.096794990760213E-9      0.0014645069059469051
7.283431175555989E-9      0.0017948342974420939
7.470067360351766E-9      0.0021251616889230718
7.656703545147541E-9      0.0024554890804324714
7.843339729943318E-9      0.0027858164719134493
8.049522589119894E-9      0.0037599341127645403
8.255705448296469E-9      0.0047340517535872095
8.461888307473043E-9      0.00570816939442409
8.66807116664962E-9       0.00668228703526097
8.874254025826196E-9      0.00765640467609785
9.099403220660955E-9      0.010833699182057899
9.324552415495714E-9      0.014010993688003737
9.549701610330474E-9      0.017188288193963785
9.774850805165232E-9      0.020365582699895413
9.999999999999992E-9      0.02354287720585546
1.0225149194834752E-8     0.033426288439898144
1.045029838966951E-8      0.04330969967394083
1.067544758450427E-8      0.05319311090798351
1.0900596779339028E-8     0.06307652214202619
1.1125745974173788E-8     0.07295993337605466
1.1331928833350368E-8     0.09946019319863808
1.1538111692526947E-8     0.12596045302119308
1.1744294551703525E-8     0.15246071284374807
1.1950477410880106E-8     0.17896097266631728
1.2156660270056686E-8     0.20546123248888648
1.2343296454852464E-8     0.26871952429976886
1.252993263964824E-8      0.33197781611066546
1.2716568824444016E-8     0.39523610792156205
1.2903205009239795E-8     0.45849439973245865
1.308984119403557E-8      0.521752691543341
1.3258783655790755E-8     0.659494462437209
1.3427726117545937E-8     0.7972362333310485
1.359666857930112E-8      0.9349780042249165
1.3765611041056303E-8     1.0727197751187703
1.3934553502811485E-8     1.210461546012624
1.4087479664462868E-8     1.4860435972689032
1.4240405826114248E-8     1.761625648525154
1.439333198776563E-8      2.037207699781405
1.4546258149417012E-8     2.31278975103767
1.4699184311068394E-8     2.588371802293935
1.4837612570610523E-8     3.0992087400041726
1.4976040830152653E-8     3.610045677714396
1.511446908969478E-8      4.12088261542462
1.525289734923691E-8      4.631719553134857
1.539132560877904E-8      5.142556490845095
1.5516630414679068E-8     6.02673474205983
1.5641935220579097E-8     6.9109129932745645
1.576724002647913E-8      7.795091244489299
1.5892544832379157E-8     8.679269495704034
1.6017849638279186E-8     9.563447746918769
1.6131275137218235E-8     11.004777167663605
1.6244700636157284E-8     12.446106588408412
1.635812613509633E-8      13.88743600915322
1.6471551634035378E-8     15.328765429898041
1.6584977132974427E-8     16.770094850642863
1.6687649522229866E-8     19.00003210669543
1.6790321911485305E-8     21.22996936274798
1.6892994300740748E-8     23.45990661880056
1.6995666689996187E-8     25.68984387485311
1.7098339079251626E-8     27.919781130905676
1.7191277788931725E-8     31.22437903816723
1.7284216498611824E-8     34.52897694542881
1.737715520829192E-8      37.83357485269036
1.747009391797202E-8      41.13817275995193
1.756303262765212E-8      44.44277066721348
1.7647160442582766E-8     49.190557171820956
1.773128825751341E-8      53.93834367642843
1.7815416072444053E-8     58.68613018103589
1.7899543887374696E-8     63.43391668564337
1.7983671702305343E-8     68.18170319025081
1.805982392403696E-8      74.91055476892038
1.8135976145768583E-8     81.63940634758993
1.8212128367500202E-8     88.36825792625947
1.8288280589231824E-8     95.09710950492905
1.8364432810963442E-8     101.8259610835986
1.8433365552012273E-8     111.45695389891173
1.8502298293061096E-8     121.08794671422488
1.857123103410993E-8      130.71893952953798
1.8640163775158753E-8     140.34993234485114
1.8709096516207583E-8     149.98092516016425
1.8771494207307272E-8     164.29847130391198
1.883389189840696E-8      178.61601744765971
1.8896289589506644E-8     192.9335635914075
1.8958687280606333E-8     207.2511097351552
1.9021084971706022E-8     221.56865587890297
1.9077567156551446E-8     244.37528002331055
1.9134049341396865E-8     267.18190416771813
1.9190531526242286E-8     289.9885283121257
1.9247013711087707E-8     312.79515245653323
1.930349589593313E-8      335.6017766009408
1.9354623384441523E-8     375.9344333496166
1.9405750872949914E-8     416.26709009829233
1.9456878361458308E-8     456.59974684696806
1.95080058499667E-8       496.93240359564385
1.9559133338475093E-8     537.2650603443195
1.9605413772971743E-8     618.5108831674144
1.9651694207468397E-8     699.7567059905093
1.9697974641965047E-8     781.002528813604
1.9744255076461697E-8     862.248351636699
1.9790535510958347E-8     943.4941744597938
1.9832428408766678E-8     1143.7593011521167
1.987432130657501E-8      1344.0244278444395
1.991621420438334E-8      1544.2895545367624
1.995810710219167E-8      1744.5546812290854
2.0E-8                    1944.8198079214083
0                         6.203258067216666E-7
4.189289780832979E-11     6.221898729563691E-7
8.378579561665958E-11     6.240539534019263E-7
1.2567869342498936E-10    6.25918005425774E-7
1.6757159123331916E-10    6.277821000821859E-7
2.0946448904164892E-10    6.296461521060337E-7
2.5574492353830083E-10    6.349594201537911E-7
3.020253580349527E-10     6.402726313581297E-7
3.483057925316046E-10     6.455858994058872E-7
3.945862270282565E-10     6.508991248210805E-7
4.4086666152490835E-10    6.562123786579832E-7
4.919941500333006E-10     6.665416236728561E-7
5.431216385416927E-10     6.768708828985837E-7
5.942491270500851E-10     6.872001279134565E-7
6.453766155584772E-10     6.975293729283294E-7
6.965041040668695E-10     7.07858632154057E-7
7.529862889122908E-10     7.255096932112792E-7
8.094684737577123E-10     7.431607684793562E-7
8.659506586031335E-10     7.608118153257237E-7
9.22432843448555E-10      7.784629048046554E-7
9.789150282939763E-10     7.961139658618777E-7
1.0413127193936645E-9     8.246022815683318E-7
1.1037104104933525E-9     8.530906114856407E-7
1.1661081015930407E-9     8.815789414029496E-7
1.228505792692729E-9      9.100672571094037E-7
1.290903483792417E-9      9.385555870267126E-7
1.3598362248412454E-9     9.837776531185227E-7
1.4287689658900735E-9     1.0289997049994781E-6
1.4977017069389018E-9     1.0742217710912882E-6
1.5666344479877299E-9     1.1194438371830984E-6
1.6355671890365582E-9     1.1646658890640538E-6
1.7117194107681762E-9     1.2367824382408799E-6
1.7878716324997942E-9     1.3088989589959965E-6
1.864023854231412E-9      1.3810155223836773E-6
1.94017607596303E-9       1.4531320573496487E-6
2.016328297694648E-9      1.5252486065264748E-6
2.1004561126252937E-9     1.6427253228812333E-6
2.184583927555939E-9      1.7602020392359918E-6
2.268711742486584E-9      1.8776787555907504E-6
2.3528395574172295E-9     1.9951554861563636E-6
2.4369673723478746E-9     2.1126321883002674E-6
2.529906082027975E-9      2.3104133077822553E-6
2.622844791708075E-9      2.5081943988425337E-6
2.715783501388175E-9      2.7059755183245215E-6
2.808722211068275E-9      2.9037565951739452E-6
2.901660920748375E-9      3.101537714655933E-6
3.004333310003815E-9      3.448946756634541E-6
3.107005699259255E-9      3.796355798613149E-6
3.209678088514695E-9      4.143764854802612E-6
3.3123504777701346E-9     4.49117389678122E-6
3.4150228670255746E-9     4.838582938759828E-6
3.5284483659646214E-9     5.480825109316356E-6
3.641873864903668E-9      6.12306726566203E-6
3.755299363842715E-9      6.765309422007704E-6
3.868724862781761E-9      7.407551606775087E-6
3.982150361720808E-9      8.04979376312076E-6
4.107455167620838E-9      9.309636240573127E-6
4.2327599735208685E-9     1.0569478689603784E-5
4.358064779420899E-9      1.1829321152845296E-5
4.48336958532093E-9       1.3089163630297662E-5
4.60867439122096E-9       1.4349006093539174E-5
4.74710265076309E-9       1.6993844752732912E-5
4.885530910305219E-9      1.9638683397715795E-5
5.023959169847349E-9      2.2283522056909533E-5
5.162387429389479E-9      2.492836071610327E-5
5.3008156889316085E-9     2.7573199361086154E-5
5.453741850582991E-9      3.356511511753979E-5
5.606668012234374E-9      3.9557030873993426E-5
5.7595941738857555E-9     4.554894664465792E-5
5.912520335537139E-9      5.15408623869007E-5
6.065446497188521E-9      5.7532778143354335E-5
6.234388958943705E-9      7.233056508937352E-5
6.403331420698887E-9      8.712835202118185E-5
6.57227388245407E-9       1.019261389814119E-4
6.7412163442092536E-9     1.1672392591322023E-4
6.910158805964436E-9      1.3152171285923941E-4
7.096794990760213E-9      1.7190423932333943E-4
7.283431175555989E-9      2.1228676578743944E-4
7.470067360351766E-9      2.526692922657503E-4
7.656703545147541E-9      2.9305181871563946E-4
7.843339729943318E-9      3.334343451939503E-4
8.049522589119894E-9      4.566946095252433E-4
8.255705448296469E-9      5.799548738707472E-4
8.461888307473043E-9      7.032151381878293E-4
8.66807116664962E-9       8.26475402547544E-4
8.874254025826196E-9      9.497356668646262E-4
9.099403220660955E-9      0.0013677294692371333
9.324552415495714E-9      0.0017857232715812188
9.549701610330474E-9      0.002203717073953726
9.774850805165232E-9      0.0026217108763120223
9.999999999999992E-9      0.0030397046786703186
1.0225149194834752E-8     0.004392777512805424
1.045029838966951E-8      0.005745850346940529
1.067544758450427E-8      0.007098923181047212
1.0900596779339028E-8     0.008451996015196528
1.1125745974173788E-8     0.009805068849317422
1.1331928833350368E-8     0.01356804021526159
1.1538111692526947E-8     0.017331011581177336
1.1744294551703525E-8     0.021093982947107293
1.1950477410880106E-8     0.02485695431305146
1.2156660270056686E-8     0.028619925678967206
1.2343296454852464E-8     0.0378985585577567
1.252993263964824E-8      0.047177191436546195
1.2716568824444016E-8     0.05645582431533569
1.2903205009239795E-8     0.06573445719411097
1.308984119403557E-8      0.07501309007291468
1.3258783655790755E-8     0.09580892069736535
1.3427726117545937E-8     0.11660475132184445
1.359666857930112E-8      0.1374005819462809
1.3765611041056303E-8     0.1581964125707458
1.3934553502811485E-8     0.17899224319521068
1.4087479664462868E-8     0.22168500403657276
1.4240405826114248E-8     0.26437776487794906
1.439333198776563E-8      0.30707052571931115
1.4546258149417012E-8     0.34976328656068745
1.4699184311068394E-8     0.39245604740204953
1.4837612570610523E-8     0.4734289190903098
1.4976040830152653E-8     0.5544017907785701
1.511446908969478E-8      0.6353746624668304
1.525289734923691E-8      0.7163475341550907
1.539132560877904E-8      0.797320405843351
1.5516630414679068E-8     0.9403170406121006
1.5641935220579097E-8     1.0833136753808361
1.576724002647913E-8      1.2263103101495716
1.5892544832379157E-8     1.369306944918307
1.6017849638279186E-8     1.5123035796870425
1.6131275137218235E-8     1.749353373535925
1.6244700636157284E-8     1.9864031673847933
1.635812613509633E-8      2.2234529612336615
1.6471551634035378E-8     2.460502755082544
1.6584977132974427E-8     2.6975525489314123
1.6687649522229866E-8     3.0686562262184225
1.6790321911485305E-8     3.439759903505447
1.6892994300740748E-8     3.8108635807924713
1.6995666689996187E-8     4.1819672580794816
1.7098339079251626E-8     4.553070935366506
1.7191277788931725E-8     5.104679431809572
1.7284216498611824E-8     5.656287928252652
1.737715520829192E-8      6.207896424695733
1.747009391797202E-8      6.759504921138813
1.756303262765212E-8      7.311113417581879
1.7647160442582766E-8     8.09333029868553
1.773128825751341E-8      8.87554717978918
1.7815416072444053E-8     9.657764060892845
1.7899543887374696E-8     10.439980941996467
1.7983671702305343E-8     11.222197823100132
1.805982392403696E-8      12.285728309933575
1.8135976145768583E-8     13.349258796767018
1.8212128367500202E-8     14.41278928360046
1.8288280589231824E-8     15.47631977043389
1.8364432810963442E-8     16.539850257267332
1.8433365552012273E-8     17.933312523165213
1.8502298293061096E-8     19.32677478906311
1.857123103410993E-8      20.72023705496099
1.8640163775158753E-8     22.113699320858885
1.8709096516207583E-8     23.507161586756766
1.8771494207307272E-8     25.27473347852309
1.883389189840696E-8      27.042305370289412
1.8896289589506644E-8     28.809877262055707
1.8958687280606333E-8     30.577449153822045
1.9021084971706022E-8     32.345021045588354
1.9077567156551446E-8     34.525598682220206
1.9134049341396865E-8     36.70617631885206
1.9190531526242286E-8     38.886753955483925
1.9247013711087707E-8     41.06733159211578
1.930349589593313E-8      43.24790922874763
1.9354623384441523E-8     45.87665719875899
1.9405750872949914E-8     48.50540516877035
1.9456878361458308E-8     51.13415313878171
1.95080058499667E-8       53.76290110879307
1.9559133338475093E-8     56.39164907880442
1.9605413772971743E-8     59.50008935884232
1.9651694207468397E-8     62.60852963888017
1.9697974641965047E-8     65.71696991891805
1.9744255076461697E-8     68.82541019895594
1.9790535510958347E-8     71.93385047899382
1.9832428408766678E-8     75.54967859835703
1.987432130657501E-8      79.1655067177202
1.991621420438334E-8      82.78133483708342
1.995810710219167E-8      86.39716295644659
2.0E-8                    90.01299107580981
0                         -6.841413096481119E-6
4.189289780832979E-11     -6.841415938652062E-6
8.378579561665958E-11     -6.841418780823005E-6
1.2567869342498936E-10    -6.841421736680786E-6
1.6757159123331916E-10    -6.841424578851729E-6
2.0946448904164892E-10    -6.841427421022672E-6
2.5574492353830083E-10    -6.841435151727637E-6
3.020253580349527E-10     -6.8414432234931155E-6
3.483057925316046E-10     -6.841451067884918E-6
3.945862270282565E-10     -6.841459025963559E-6
4.4086666152490835E-10    -6.841466870355362E-6
4.919941500333006E-10     -6.841481877017941E-6
5.431216385416927E-10     -6.841496997367358E-6
5.942491270500851E-10     -6.8415122314036125E-6
6.453766155584772E-10     -6.841527238066192E-6
6.965041040668695E-10     -6.841542358415609E-6
7.529862889122908E-10     -6.841566687398881E-6
8.094684737577123E-10     -6.841591016382154E-6
8.659506586031335E-10     -6.841615459052264E-6
9.22432843448555E-10      -6.841639788035536E-6
9.789150282939763E-10     -6.841664117018809E-6
1.0413127193936645E-9     -6.841700383120042E-6
1.1037104104933525E-9     -6.841736762908113E-6
1.1661081015930407E-9     -6.841773029009346E-6
1.228505792692729E-9      -6.841809295110579E-6
1.290903483792417E-9      -6.841845561211812E-6
1.3598362248412454E-9     -6.841898766651866E-6
1.4287689658900735E-9     -6.8419520857787575E-6
1.4977017069389018E-9     -6.842005404905649E-6
1.5666344479877299E-9     -6.842058610345703E-6
1.6355671890365582E-9     -6.842111929472594E-6
1.7117194107681762E-9     -6.842186280664464E-6
1.7878716324997942E-9     -6.8422604044826585E-6
1.864023854231412E-9      -6.8423347556745284E-6
1.94017607596303E-9       -6.842409220553236E-6
2.016328297694648E-9      -6.842483458058268E-6
2.1004561126252937E-9     -6.842585321464867E-6
2.184583927555939E-9      -6.8426871848714654E-6
2.268711742486584E-9      -6.842788934591226E-6
2.3528395574172295E-9     -6.842890797997825E-6
2.4369673723478746E-9     -6.842992547717586E-6
2.529906082027975E-9      -6.843130108791229E-6
2.622844791708075E-9      -6.8432674424911966E-6
2.715783501388175E-9      -6.8434051172516774E-6
2.808722211068275E-9      -6.843542450951645E-6
2.901660920748375E-9      -6.843680012025288E-6
3.004333310003815E-9      -6.843863616268209E-6
3.107005699259255E-9      -6.8440474478848046E-6
3.209678088514695E-9      -6.844230938440887E-6
3.3123504777701346E-9     -6.844414656370645E-6
3.4150228670255746E-9     -6.8445983743004035E-6
3.5284483659646214E-9     -6.844842118880479E-6
3.641873864903668E-9      -6.8450859771473915E-6
3.755299363842715E-9      -6.845329721727467E-6
3.868724862781761E-9      -6.8455735799943795E-6
3.982150361720808E-9      -6.845817324574455E-6
4.107455167620838E-9      -6.846141445748799E-6
4.2327599735208685E-9     -6.846465680609981E-6
4.358064779420899E-9      -6.846790029158001E-6
4.48336958532093E-9       -6.847114150332345E-6
4.60867439122096E-9       -6.847438385193527E-6
4.74710265076309E-9       -6.847871190984733E-6
4.885530910305219E-9      -6.848303883089102E-6
5.023959169847349E-9      -6.848736802567146E-6
5.162387429389479E-9      -6.849169608358352E-6
5.3008156889316085E-9     -6.849602414149558E-6
5.453741850582991E-9      -6.850188015050662E-6
5.606668012234374E-9      -6.850773729638604E-6
5.7595941738857555E-9     -6.85135921685287E-6
5.912520335537139E-9      -6.85194504512765E-6
6.065446497188521E-9      -6.852530646028754E-6
6.234388958943705E-9      -6.853345212221029E-6
6.403331420698887E-9      -6.854160119473818E-6
6.57227388245407E-9       -6.854974913039769E-6
6.7412163442092536E-9     -6.855789592918882E-6
6.910158805964436E-9      -6.8566043864848325E-6
7.096794990760213E-9      -6.8577911633838085E-6
7.283431175555989E-9      -6.858978053969622E-6
7.470067360351766E-9      -6.860164944555436E-6
7.656703545147541E-9      -6.861351721454412E-6
7.843339729943318E-9      -6.862538612040225E-6
8.049522589119894E-9      -6.864233569103817E-6
8.255705448296469E-9      -6.865928639854246E-6
8.461888307473043E-9      -6.867623710604676E-6
8.66807116664962E-9       -6.869318781355105E-6
8.874254025826196E-9      -6.871013852105534E-6
9.099403220660955E-9      -6.873583970445907E-6
9.324552415495714E-9      -6.876154316159955E-6
9.549701610330474E-9      -6.87872432081349E-6
9.774850805165232E-9      -6.881294780214375E-6
9.999999999999992E-9      -6.883864898554748E-6
1.0225149194834752E-8     -6.88763907419343E-6
1.045029838966951E-8      -6.891413136145275E-6
1.067544758450427E-8      -6.895187311783957E-6
1.0900596779339028E-8     -6.898961487422639E-6
1.1125745974173788E-8     -6.902735663061321E-6
1.1331928833350368E-8     -6.907327929184248E-6
1.1538111692526947E-8     -6.911920308994013E-6
1.1744294551703525E-8     -6.9165126888037776E-6
1.1950477410880106E-8     -6.9211049549267045E-6
1.2156660270056686E-8     -6.925697334736469E-6
1.2343296454852464E-8     -6.930947165528778E-6
1.252993263964824E-8      -6.936197223694762E-6
1.2716568824444016E-8     -6.941447054487071E-6
1.2903205009239795E-8     -6.9466969989662175E-6
1.308984119403557E-8      -6.951946943445364E-6
1.3258783655790755E-8     -6.899305049046234E-6
1.3427726117545937E-8     -6.8466631546471035E-6
1.359666857930112E-8      -6.794021260247973E-6
1.3765611041056303E-8     -6.741379365848843E-6
1.3934553502811485E-8     -6.688737471449713E-6
1.4087479664462868E-8     -4.577776167025149E-6
1.4240405826114248E-8     -2.466814748913748E-6
1.439333198776563E-8      -3.5585344448918477E-7
1.4546258149417012E-8     1.7551079736222164E-6
1.4699184311068394E-8     3.86606927804678E-6
1.4837612570610523E-8     4.1233497995563084E-5
1.4976040830152653E-8     7.860092659939255E-5
1.511446908969478E-8      1.1596835520322202E-4
1.525289734923691E-8      1.5333578392073832E-4
1.539132560877904E-8      1.907032125245678E-4
1.5516630414679068E-8     6.095848348195432E-4
1.5641935220579097E-8     0.0010284664571145186
1.576724002647913E-8      0.0014473480791821203
1.5892544832379157E-8     0.0018662297014770957
1.6017849638279186E-8     0.002285111323658384
1.6131275137218235E-8     0.005654018055224697
1.6244700636157284E-8     0.009022924786791009
1.635812613509633E-8      0.012391831518243634
1.6471551634035378E-8     0.015760738249809947
1.6584977132974427E-8     0.01912964498137626
1.6687649522229866E-8     0.03994673457873432
1.6790321911485305E-8     0.060763824176092385
1.6892994300740748E-8     0.08158091377356413
1.6995666689996187E-8     0.1023980033709222
1.7098339079251626E-8     0.12321509296828026
1.7191277788931725E-8     0.2265915660095743
1.7284216498611824E-8     0.32996803905075467
1.737715520829192E-8      0.4333445120920487
1.747009391797202E-8      0.5367209851333428
1.756303262765212E-8      0.6400974581746368
1.7647160442582766E-8     1.0657224566649575
1.773128825751341E-8      1.4913474551553918
1.7815416072444053E-8     1.9169724536457124
1.7899543887374696E-8     2.342597452136033
1.7983671702305343E-8     2.7682224506264674
1.805982392403696E-8      4.258596579156006
1.8135976145768583E-8     5.748970707685771
1.8212128367500202E-8     7.239344836215309
1.8288280589231824E-8     8.729718964745075
1.8364432810963442E-8     10.220093093274613
1.8433365552012273E-8     14.755560343024626
1.8502298293061096E-8     19.29102759277464
1.857123103410993E-8      23.826494842524653
1.8640163775158753E-8     28.361962092274666
1.8709096516207583E-8     32.89742934202468
1.8771494207307272E-8     45.10231787611565
1.883389189840696E-8      57.30720641020662
1.8896289589506644E-8     69.51209494429759
1.8958687280606333E-8     81.71698347838844
1.9021084971706022E-8     93.92187201247941
1.9077567156551446E-8     123.45980942384858
1.9134049341396865E-8     152.99774683521764
1.9190531526242286E-8     182.5356842465867
1.9247013711087707E-8     212.07362165795575
1.930349589593313E-8      241.6115590693247
1.9354623384441523E-8     307.56354307234847
1.9405750872949914E-8     373.51552707537246
1.9456878361458308E-8     439.4675110783962
1.95080058499667E-8       505.4194950814199
1.9559133338475093E-8     571.3714790844436
1.9605413772971743E-8     714.5998787841737
1.9651694207468397E-8     857.8282784839037
1.9697974641965047E-8     1001.056678183634
1.9744255076461697E-8     1144.285077883364
1.9790535510958347E-8     1287.5134775830938
1.9832428408766678E-8     1646.6612532119889
1.987432130657501E-8      2005.8090288408835
1.991621420438334E-8      2364.956804469778
1.995810710219167E-8      2724.104580098673
2.0E-8                    3083.2523557275676
0                         3.672084858408198E-11
4.189289780832979E-11     3.660716174636036E-11
8.378579561665958E-11     3.672084858408198E-11
1.2567869342498936E-10    3.672084858408198E-11
1.6757159123331916E-10    3.660716174636036E-11
2.0946448904164892E-10    3.672084858408198E-11
2.5574492353830083E-10    3.660716174636036E-11
3.020253580349527E-10     3.672084858408198E-11
3.483057925316046E-10     3.672084858408198E-11
3.945862270282565E-10     3.660716174636036E-11
4.4086666152490835E-10    3.672084858408198E-11
4.919941500333006E-10     3.672084858408198E-11
5.431216385416927E-10     3.6834535421803594E-11
5.942491270500851E-10     3.6834535421803594E-11
6.453766155584772E-10     3.672084858408198E-11
6.965041040668695E-10     3.6834535421803594E-11
7.529862889122908E-10     3.694822225952521E-11
8.094684737577123E-10     3.7061909097246826E-11
8.659506586031335E-10     3.694822225952521E-11
9.22432843448555E-10      3.7061909097246826E-11
9.789150282939763E-10     3.717559593496844E-11
1.0413127193936645E-9     3.728928277269006E-11
1.1037104104933525E-9     3.728928277269006E-11
1.1661081015930407E-9     3.728928277269006E-11
1.228505792692729E-9      3.751665644813329E-11
1.290903483792417E-9      3.7402969610411674E-11
1.3598362248412454E-9     3.751665644813329E-11
1.4287689658900735E-9     3.751665644813329E-11
1.4977017069389018E-9     3.7630343285854906E-11
1.5666344479877299E-9     3.751665644813329E-11
1.6355671890365582E-9     3.774403012357652E-11
1.7117194107681762E-9     3.785771696129814E-11
1.7878716324997942E-9     3.7971403799019754E-11
1.864023854231412E-9      3.8198777474462986E-11
1.94017607596303E-9       3.8198777474462986E-11
2.016328297694648E-9      3.842615114990622E-11
2.1004561126252937E-9     3.8539837987627834E-11
2.184583927555939E-9      3.888089850079268E-11
2.268711742486584E-9      3.89945853385143E-11
2.3528395574172295E-9     3.9108272176235914E-11
2.4369673723478746E-9     3.9335645851679146E-11
2.529906082027975E-9      3.956301952712238E-11
2.622844791708075E-9      3.979039320256561E-11
2.715783501388175E-9      4.013145371573046E-11
2.808722211068275E-9      4.013145371573046E-11
2.901660920748375E-9      4.0472514228895307E-11
3.004333310003815E-9      4.069988790433854E-11
3.107005699259255E-9      4.1154635255225E-11
3.209678088514695E-9      4.1382008930668235E-11
3.3123504777701346E-9     4.18367562815547E-11
3.4150228670255746E-9     4.206412995699793E-11
3.5284483659646214E-9     4.240519047016278E-11
3.641873864903668E-9      4.285993782104924E-11
3.755299363842715E-9      4.331468517193571E-11
3.868724862781761E-9      4.376943252282217E-11
3.982150361720808E-9      4.4224179873708636E-11
4.107455167620838E-9      4.4792614062316716E-11
4.2327599735208685E-9     4.5361048250924796E-11
4.358064779420899E-9      4.5929482439532876E-11
4.48336958532093E-9       4.6497916628140956E-11
4.60867439122096E-9       4.7066350816749036E-11
4.74710265076309E-9       4.786215868080035E-11
4.885530910305219E-9      4.865796654485166E-11
5.023959169847349E-9      4.945377440890297E-11
5.162387429389479E-9      5.002220859751105E-11
5.3008156889316085E-9     5.093170329928398E-11
5.453741850582991E-9      5.1954884838778526E-11
5.606668012234374E-9      5.297806637827307E-11
5.7595941738857555E-9     5.4001247917767614E-11
5.912520335537139E-9      5.502442945726216E-11
6.065446497188521E-9      5.5933924159035087E-11
6.234388958943705E-9      5.7411853049416095E-11
6.403331420698887E-9      5.88897819397971E-11
6.57227388245407E-9       6.02540239924565E-11
6.7412163442092536E-9     6.161826604511589E-11
6.910158805964436E-9      6.320988177321851E-11
7.096794990760213E-9      6.514255801448599E-11
7.283431175555989E-9      6.718892109347507E-11
7.470067360351766E-9      6.912159733474255E-11
7.656703545147541E-9      7.116796041373163E-11
7.843339729943318E-9      7.310063665499911E-11
8.049522589119894E-9      7.594280759803951E-11
8.255705448296469E-9      7.878497854107991E-11
8.461888307473043E-9      8.139977580867708E-11
8.66807116664962E-9       8.424194675171748E-11
8.874254025826196E-9      8.708411769475788E-11
9.099403220660955E-9      9.117684385273606E-11
9.324552415495714E-9      9.5042196335271E-11
9.549701610330474E-9      9.913492249324918E-11
9.774850805165232E-9      1.0322764865122736E-10
9.999999999999992E-9      1.0720668797148392E-10
1.0225149194834752E-8     1.127773430198431E-10
1.045029838966951E-8      1.1823431123048067E-10
1.067544758450427E-8      1.2380496627883986E-10
1.0900596779339028E-8     1.2926193448947743E-10
1.1125745974173788E-8     1.34718902700115E-10
1.1331928833350368E-8     1.4165379980113357E-10
1.1538111692526947E-8     1.4870238373987377E-10
1.1744294551703525E-8     1.5575096767861396E-10
1.1950477410880106E-8     1.6268586477963254E-10
1.2156660270056686E-8     1.6973444871837273E-10
1.2343296454852464E-8     1.9667822925839573E-10
1.252993263964824E-8      2.2362200979841873E-10
1.2716568824444016E-8     2.5079316401388496E-10
1.2903205009239795E-8     2.778506313916296E-10
1.308984119403557E-8      3.049080987693742E-10
1.3258783655790755E-8     6.0630327425315045E-9
1.3427726117545937E-8     1.1821384759969078E-8
1.359666857930112E-8      1.7579509403731208E-8
1.3765611041056303E-8     2.333763404749334E-8
1.3934553502811485E-8     2.909587237809319E-8
1.4087479664462868E-8     2.434608177281916E-7
1.4240405826114248E-8     4.5782587676512776E-7
1.439333198776563E-8      6.721909358020639E-7
1.4546258149417012E-8     8.865558811521623E-7
1.4699184311068394E-8     1.1009208265022608E-6
1.4837612570610523E-8     4.964700451637327E-6
1.4976040830152653E-8     8.828479963085556E-6
1.511446908969478E-8      1.2692259474533785E-5
1.525289734923691E-8      1.655603909966885E-5
1.539132560877904E-8      2.0419818497430242E-5
1.5516630414679068E-8     6.437203740006225E-5
1.5641935220579097E-8     1.0832425596163375E-4
1.576724002647913E-8      1.522764749779526E-4
1.5892544832379157E-8     1.962286935395241E-4
1.6017849638279186E-8     2.4018091232846928E-4
1.6131275137218235E-8     5.977469393201318E-4
1.6244700636157284E-8     9.553129660844206E-4
1.635812613509633E-8      0.0013128789928487095
1.6471551634035378E-8     0.0016704450197266851
1.6584977132974427E-8     0.002028011046604661
1.6687649522229866E-8     0.004258221543182117
1.6790321911485305E-8     0.006488432039759573
1.6892994300740748E-8     0.008718642536223342
1.6995666689996187E-8     0.010948853032800798
1.7098339079251626E-8     0.013179063529378254
1.7191277788931725E-8     0.024341469985301956
1.7284216498611824E-8     0.03550387644111197
1.737715520829192E-8      0.04666628289714936
1.747009391797202E-8      0.05782868935295937
1.756303262765212E-8      0.06899109580888307
1.7647160442582766E-8     0.11525947998188713
1.773128825751341E-8      0.16152786415500486
1.7815416072444053E-8     0.20779624832800891
1.7899543887374696E-8     0.25406463250101297
1.7983671702305343E-8     0.3003330166742444
1.805982392403696E-8      0.4632978401079981
1.8135976145768583E-8     0.6262626635417519
1.8212128367500202E-8     0.7892274869755056
1.8288280589231824E-8     0.9521923104094867
1.8364432810963442E-8     1.1151571338431268
1.8433365552012273E-8     1.6136428291875973
1.8502298293061096E-8     2.112128524531954
1.857123103410993E-8      2.6106142198764246
1.8640163775158753E-8     3.109099915220554
1.8709096516207583E-8     3.6075856105650246
1.8771494207307272E-8     4.954731875673019
1.883389189840696E-8      6.3018781407811275
1.8896289589506644E-8     7.6490244058890084
1.8958687280606333E-8     8.996170670997003
1.9021084971706022E-8     10.343316936104884
1.9077567156551446E-8     13.607736952869004
1.9134049341396865E-8     16.872156969633124
1.9190531526242286E-8     20.13657698639736
1.9247013711087707E-8     23.400997003161365
1.930349589593313E-8      26.665417019925485
1.9354623384441523E-8     33.84888516866533
1.9405750872949914E-8     41.032353317405295
1.9456878361458308E-8     48.215821466145144
1.95080058499667E-8       55.39928961488499
1.9559133338475093E-8     62.582757763624954
1.9605413772971743E-8     77.03390721617313
1.9651694207468397E-8     91.4850566687212
1.9697974641965047E-8     105.93620612126938
1.9744255076461697E-8     120.38735557381767
1.9790535510958347E-8     134.83850502636562
1.9832428408766678E-8     161.60253469120653
1.987432130657501E-8      188.36656435604732
1.991621420438334E-8      215.1305940208881
1.995810710219167E-8      241.8946236857288
2.0E-8                    268.6586533505697
