% Model:              EDL.mph
% Version:            COMSOL 4.4.0.248
% Date:               Nov 6 2016, 17:30
% Dimension:          1
% Nodes:              1448
% Expressions:        1
% Description:        Line graph
% r                       Height
0                         -0.0663059304093081
4.189289780832979E-11     -0.06630613976066234
8.378579561665958E-11     -0.06630676803184075
1.2567869342498936E-10    -0.06630781522284343
1.6757159123331916E-10    -0.06630928133367031
2.0946448904164892E-10    -0.0663111663643214
2.5574492353830083E-10    -0.06631373579519641
3.020253580349527E-10     -0.06631681687555464
3.483057925316046E-10     -0.0663204096053962
3.945862270282565E-10     -0.06632451398472107
4.4086666152490835E-10    -0.06632913001352919
4.919941500333006E-10     -0.06633482443634263
5.431216385416927E-10     -0.06634114433156171
5.942491270500851E-10     -0.06634808969918654
6.453766155584772E-10     -0.06635566053921707
6.965041040668695E-10     -0.06636385685165329
7.529862889122908E-10     -0.06637363913677644
8.094684737577123E-10     -0.06638418694694365
8.659506586031335E-10     -0.06639550028215498
9.22432843448555E-10      -0.06640757914241041
9.789150282939763E-10     -0.06642042352770992
1.0413127193936645E-9     -0.06643550408117756
1.1037104104933525E-9     -0.06645152301682943
1.1661081015930407E-9     -0.06646848033466558
1.228505792692729E-9      -0.06648637603468603
1.290903483792417E-9      -0.06650521011689071
1.3598362248412454E-9     -0.06652710963683205
1.4287689658900735E-9     -0.0665501617153441
1.4977017069389018E-9     -0.06657436635242694
1.5666344479877299E-9     -0.06659972354808055
1.6355671890365582E-9     -0.06662623330230487
1.7117194107681762E-9     -0.06665686300631771
1.7878716324997942E-9     -0.06668891192751776
1.864023854231412E-9      -0.06672238006590503
1.94017607596303E-9       -0.06675726742147953
2.016328297694648E-9      -0.06679357399424121
2.1004561126252937E-9     -0.0668353391683671
2.184583927555939E-9      -0.06687885753379305
2.268711742486584E-9      -0.06692412909051906
2.3528395574172295E-9     -0.06697115383854513
2.4369673723478746E-9     -0.06701993177787124
2.529906082027975E-9      -0.06707586696987955
2.622844791708075E-9      -0.06713397672836226
2.715783501388175E-9      -0.06719426105331942
2.808722211068275E-9      -0.06725671994475105
2.901660920748375E-9      -0.06732135340265707
3.004333310003815E-9      -0.06739530143788389
3.107005699259255E-9      -0.06747196052758812
3.209678088514695E-9      -0.06755133067176985
3.3123504777701346E-9     -0.06763341187042905
3.4150228670255746E-9     -0.06771820412356568
3.5284483659646214E-9     -0.06781505700187507
3.641873864903668E-9      -0.06791531158822176
3.755299363842715E-9      -0.06801896788260584
3.868724862781761E-9      -0.06812602588502731
3.982150361720808E-9      -0.06823648559548609
4.107455167620838E-9      -0.06836251492121034
4.2327599735208685E-9     -0.0684928471532553
4.358064779420899E-9      -0.06862748229162102
4.48336958532093E-9       -0.0687664203363075
4.60867439122096E-9       -0.0689096612873147
4.74710265076309E-9       -0.06907298171106718
4.885530910305219E-9      -0.06924180046620781
5.023959169847349E-9      -0.06941611755273669
5.162387429389479E-9      -0.06959593297065375
5.3008156889316085E-9     -0.069781246719959
5.453741850582991E-9      -0.06999248326450729
5.606668012234374E-9      -0.07021083589645308
5.7595941738857555E-9     -0.07043630461579645
5.912520335537139E-9      -0.07066888942253736
6.065446497188521E-9      -0.0709085903166758
6.234388958943705E-9      -0.07118186842702275
6.403331420698887E-9      -0.07146450572731726
6.57227388245407E-9       -0.0717565022175594
6.7412163442092536E-9     -0.07205785789774916
6.910158805964436E-9      -0.07236857276788645
7.096794990760213E-9      -0.0727230392691635
7.283431175555989E-9      -0.07309006948852943
7.470067360351766E-9      -0.07346966342598428
7.656703545147541E-9      -0.07386182108152803
7.843339729943318E-9      -0.07426654245516068
8.049522589119894E-9      -0.07472880584717662
8.255705448296469E-9      -0.0752083840695886
8.461888307473043E-9      -0.07570527712239669
8.66807116664962E-9       -0.07621948500560086
8.874254025826196E-9      -0.07675100771920107
9.099403220660955E-9      -0.07735214787837631
9.324552415495714E-9      -0.07797738743695896
9.549701610330474E-9      -0.07862672639494907
9.774850805165232E-9      -0.07930016475234664
9.999999999999992E-9      -0.0799977025091516
1.0225149194834752E-8     -0.08072103152096276
1.045029838966951E-8      -0.0814734046353654
1.067544758450427E-8      -0.08225482185235958
1.0900596779339028E-8     -0.08306528317194528
1.1125745974173788E-8     -0.08390478859412248
1.1331928833350368E-8     -0.08470145956966627
1.1538111692526947E-8     -0.08552810283324418
1.1744294551703525E-8     -0.08638471838485622
1.1950477410880106E-8     -0.08727130622450244
1.2156660270056686E-8     -0.08818786635218276
1.2343296454852464E-8     -0.08904605304448744
1.252993263964824E-8      -0.08993481181696107
1.2716568824444016E-8     -0.0908541426696037
1.2903205009239795E-8     -0.09180404560241534
1.308984119403557E-8      -0.09278452061539594
1.3258783655790755E-8     -0.09370123917715562
1.3427726117545937E-8     -0.09464942467050096
1.359666857930112E-8      -0.09562907709543197
1.3765611041056303E-8     -0.09664019645194871
1.3934553502811485E-8     -0.09768278274005107
1.4087479664462868E-8     -0.09865669886974708
1.4240405826114248E-8     -0.09966328664730009
1.439333198776563E-8      -0.1007025460727102
1.4546258149417012E-8     -0.10177447714597741
1.4699184311068394E-8     -0.10287907986710165
1.4837612570610523E-8     -0.10391041032140969
1.4976040830152653E-8     -0.1049759659634933
1.511446908969478E-8      -0.10607574679335258
1.525289734923691E-8      -0.10720975281098749
1.539132560877904E-8      -0.10837798401639799
1.5516630414679068E-8     -0.10946852663671153
1.5641935220579097E-8     -0.11059525289707513
1.576724002647913E-8      -0.11175816279748887
1.5892544832379157E-8     -0.11295725633795274
1.6017849638279186E-8     -0.11419253351846669
1.6131275137218235E-8     -0.11534578528491914
1.6244700636157284E-8     -0.11653767705987532
1.635812613509633E-8      -0.1177682088433353
1.6471551634035378E-8     -0.11903738063529912
1.6584977132974427E-8     -0.12034519243576668
1.6687649522229866E-8     -0.1215666401126682
1.6790321911485305E-8     -0.12282982940904649
1.6892994300740748E-8     -0.12413476032490167
1.6995666689996187E-8     -0.1254814328602337
1.7098339079251626E-8     -0.12686984701504253
1.7191277788931725E-8     -0.12816746493153033
1.7284216498611824E-8     -0.12951078886864725
1.737715520829192E-8      -0.1308998188263934
1.747009391797202E-8      -0.13233455480476874
1.756303262765212E-8      -0.1338149968037732
1.7647160442582766E-8     -0.13520002059359781
1.773128825751341E-8      -0.13663589674577756
1.7815416072444053E-8     -0.1381226252603126
1.7899543887374696E-8     -0.13966020613720292
1.7983671702305343E-8     -0.14124863937644846
1.805982392403696E-8      -0.1427367278102064
1.8135976145768583E-8     -0.14428247681908876
1.8212128367500202E-8     -0.14588588640309566
1.8288280589231824E-8     -0.1475469565622271
1.8364432810963442E-8     -0.14926568729648299
1.8433365552012273E-8     -0.15087874888253003
1.8502298293061096E-8     -0.15255873547088047
1.857123103410993E-8      -0.15430564706153438
1.8640163775158753E-8     -0.15611948365449174
1.8709096516207583E-8     -0.1580002452497525
1.8771494207307272E-8     -0.15976958187782822
1.883389189840696E-8      -0.16161896724178823
1.8896289589506644E-8     -0.1635484013416327
1.8958687280606333E-8     -0.16555788417736156
1.9021084971706022E-8     -0.16764741574897474
1.9077567156551446E-8     -0.16961938868968843
1.9134049341396865E-8     -0.17169101391064454
1.9190531526242286E-8     -0.1738622914118431
1.9247013711087707E-8     -0.17613322119328412
1.930349589593313E-8      -0.17850380325496754
1.9354623384441523E-8     -0.18075052753568463
1.9405750872949914E-8     -0.18312854401701234
1.9456878361458308E-8     -0.18563785269895083
1.95080058499667E-8       -0.18827845358150008
1.9559133338475093E-8     -0.19105034666465998
1.9605413772971743E-8     -0.19369339611598252
1.9651694207468397E-8     -0.19652405065854814
1.9697974641965047E-8     -0.19954231029235692
1.9744255076461697E-8     -0.20274817501740888
1.9790535510958347E-8     -0.20614164483370387
1.9832428408766678E-8     -0.20940834769136935
1.987432130657501E-8      -0.2129762531046107
1.991621420438334E-8      -0.21684536107342808
1.995810710219167E-8      -0.2210156715978215
2.0E-8                    -0.22548718467779083
0                         -0.024874323673963805
4.189289780832979E-11     -0.02487446481663811
8.378579561665958E-11     -0.02487488836919772
1.2567869342498936E-10    -0.024875594331642645
1.6757159123331916E-10    -0.024876582703972895
2.0946448904164892E-10    -0.024877853486188446
2.5574492353830083E-10    -0.024879585655228766
3.020253580349527E-10     -0.024881662708052033
3.483057925316046E-10     -0.024884084644658272
3.945862270282565E-10     -0.024886851465047474
4.4086666152490835E-10    -0.024889963169219632
4.919941500333006E-10     -0.024893801789595858
5.431216385416927E-10     -0.02489806191317403
5.942491270500851E-10     -0.02490274353995417
6.453766155584772E-10     -0.02490784666993628
6.965041040668695E-10     -0.024913371303120338
7.529862889122908E-10     -0.024919964800623962
8.094684737577123E-10     -0.024927073962632437
8.659506586031335E-10     -0.02493469878914577
9.22432843448555E-10      -0.024942839280163963
9.789150282939763E-10     -0.024951495435687004
1.0413127193936645E-9     -0.024961658223877428
1.1037104104933525E-9     -0.024972452698217983
1.1661081015930407E-9     -0.02498387885870869
1.228505792692729E-9      -0.024995936705349536
1.290903483792417E-9      -0.025008626238140517
1.3598362248412454E-9     -0.02502338028227969
1.4287689658900735E-9     -0.02503890944096366
1.4977017069389018E-9     -0.02505521371419244
1.5666344479877299E-9     -0.02507229310196603
1.6355671890365582E-9     -0.025090147604284414
1.7117194107681762E-9     -0.025110775231188046
1.7878716324997942E-9     -0.025132356006559255
1.864023854231412E-9      -0.02515488993039805
1.94017607596303E-9       -0.02517837700270444
2.016328297694648E-9      -0.0252028172234784
2.1004561126252937E-9     -0.02523092876174219
2.184583927555939E-9      -0.0252602155390996
2.268711742486584E-9      -0.02529067755555065
2.3528395574172295E-9     -0.02532231481109534
2.4369673723478746E-9     -0.025355127305733652
2.529906082027975E-9      -0.025392748554124177
2.622844791708075E-9      -0.025431823798289097
2.715783501388175E-9      -0.025472353038228434
2.808722211068275E-9      -0.025514336273942177
2.901660920748375E-9      -0.02555777350543032
3.004333310003815E-9      -0.025607460174136818
3.107005699259255E-9      -0.025658953350473364
3.209678088514695E-9      -0.025712253034439976
3.3123504777701346E-9     -0.025767359226036644
3.4150228670255746E-9     -0.025824271925263365
3.5284483659646214E-9     -0.02588926136069955
3.641873864903668E-9      -0.025956507140574923
3.755299363842715E-9      -0.0260260092648895
3.868724862781761E-9      -0.02609776773364328
3.982150361720808E-9      -0.02617178254683624
4.107455167620838E-9      -0.026256198028094865
4.2327599735208685E-9     -0.026343450166912856
4.358064779420899E-9      -0.02643353896329022
4.48336958532093E-9       -0.026526464417226968
4.60867439122096E-9       -0.02662222652872308
4.74710265076309E-9       -0.02673135727376618
4.885530910305219E-9      -0.02684408313489811
5.023959169847349E-9      -0.026960404112118887
5.162387429389479E-9      -0.027080320205428506
5.3008156889316085E-9     -0.027203831414826952
5.453741850582991E-9      -0.027344524336171523
5.606668012234374E-9      -0.02748981918375333
5.7595941738857555E-9     -0.02763971595757239
5.912520335537139E-9      -0.027794214657628706
6.065446497188521E-9      -0.027953315283922257
6.234388958943705E-9      -0.028134535753433932
6.403331420698887E-9      -0.028321719430725693
6.57227388245407E-9       -0.02851486631579757
6.7412163442092536E-9     -0.028713976408649554
6.910158805964436E-9      -0.028919049709281636
7.096794990760213E-9      -0.029152705431024627
7.283431175555989E-9      -0.029394205752824414
7.470067360351766E-9      -0.029643550674681017
7.656703545147541E-9      -0.02990074019659443
7.843339729943318E-9      -0.03016577431856464
8.049522589119894E-9      -0.030467964680202547
8.255705448296469E-9      -0.030780669004265446
8.461888307473043E-9      -0.03110388729075335
8.66807116664962E-9       -0.031437619539666256
8.874254025826196E-9      -0.03178186575100415
9.099403220660955E-9      -0.03217025081074559
9.324552415495714E-9      -0.032572715276835036
9.549701610330474E-9      -0.032989259149272504
9.774850805165232E-9      -0.03341988242805799
9.999999999999992E-9      -0.03386458511319147
1.0225149194834752E-8     -0.03432413826435305
1.045029838966951E-8      -0.03479981840512653
1.067544758450427E-8      -0.03529162553551193
1.0900596779339028E-8     -0.03579955965550924
1.1125745974173788E-8     -0.036323620765118456
1.1331928833350368E-8     -0.036818682082629055
1.1538111692526947E-8     -0.03732939011504531
1.1744294551703525E-8     -0.037855744862367244
1.1950477410880106E-8     -0.038397746324594854
1.2156660270056686E-8     -0.038955394501728115
1.2343296454852464E-8     -0.03947467557206798
1.252993263964824E-8      -0.04000882524772564
1.2716568824444016E-8     -0.040557843528701155
1.2903205009239795E-8     -0.041121730414994506
1.308984119403557E-8      -0.041700485906605675
1.3258783655790755E-8     -0.04223815566565027
1.3427726117545937E-8     -0.04278995464304026
1.359666857930112E-8      -0.04335588283877565
1.3765611041056303E-8     -0.04393594025285647
1.3934553502811485E-8     -0.04453012688528267
1.4087479664462868E-8     -0.04508108245711661
1.4240405826114248E-8     -0.04564545314541494
1.439333198776563E-8      -0.04622323895017768
1.4546258149417012E-8     -0.04681443987140482
1.4699184311068394E-8     -0.04741905590909636
1.4837612570610523E-8     -0.04797878853415823
1.4976040830152653E-8     -0.048551239634448684
1.511446908969478E-8      -0.04913640920996776
1.525289734923691E-8      -0.049734297260715446
1.539132560877904E-8      -0.05034490378669172
1.5516630414679068E-8     -0.05090940665972144
1.5641935220579097E-8     -0.05148594288574117
1.576724002647913E-8      -0.052074512464750936
1.5892544832379157E-8     -0.05267511539675074
1.6017849638279186E-8     -0.053287751681740554
1.6131275137218235E-8     -0.053853447655246085
1.6244700636157284E-8     -0.05443050028576922
1.635812613509633E-8      -0.05501890957330998
1.6471551634035378E-8     -0.05561867551786837
1.6584977132974427E-8     -0.056229798119444376
1.6687649522229866E-8     -0.05679348768747384
1.6790321911485305E-8     -0.057367864965426986
1.6892994300740748E-8     -0.05795292995330384
1.6995666689996187E-8     -0.058548682651104404
1.7098339079251626E-8     -0.05915512305882864
1.7191277788931725E-8     -0.05971394487520941
1.7284216498611824E-8     -0.06028279364120448
1.737715520829192E-8      -0.06086166935681386
1.747009391797202E-8      -0.06145057202203756
1.756303262765212E-8      -0.06204950163687556
1.7647160442582766E-8     -0.06260090164596048
1.773128825751341E-8      -0.06316167670774045
1.7815416072444053E-8     -0.06373182682221552
1.7899543887374696E-8     -0.06431135198938566
1.7983671702305343E-8     -0.06490025220925084
1.805982392403696E-8      -0.06544195732209589
1.8135976145768583E-8     -0.0659923953316885
1.8212128367500202E-8     -0.06655156623802874
1.8288280589231824E-8     -0.06711947004111658
1.8364432810963442E-8     -0.067696106740952
1.8433365552012273E-8     -0.06822610374039348
1.8502298293061096E-8     -0.06876420293901844
1.857123103410993E-8      -0.06931040433682698
1.8640163775158753E-8     -0.06986470793381908
1.8709096516207583E-8     -0.07042711372999466
1.8771494207307272E-8     -0.07094363410767003
1.883389189840696E-8      -0.07146763993805627
1.8896289589506644E-8     -0.07199913122115341
1.8958687280606333E-8     -0.07253810795696146
1.9021084971706022E-8     -0.07308457014548038
1.9077567156551446E-8     -0.07358607869723266
1.9134049341396865E-8     -0.07409447266305423
1.9190531526242286E-8     -0.07460975204294512
1.9247013711087707E-8     -0.07513191683690537
1.930349589593313E-8      -0.0756609670449349
1.9354623384441523E-8     -0.07614615258279403
1.9405750872949914E-8     -0.07663764299377304
1.9456878361458308E-8     -0.07713543827787199
1.95080058499667E-8       -0.07763953843509086
1.9559133338475093E-8     -0.07814994346542961
1.9605413772971743E-8     -0.07861771026771865
1.9651694207468397E-8     -0.07909122307566116
1.9697974641965047E-8     -0.07957048188925718
1.9744255076461697E-8     -0.08005548670850669
1.9790535510958347E-8     -0.08054623753340968
1.9832428408766678E-8     -0.0809957072883744
1.987432130657501E-8      -0.08145038169227047
1.991621420438334E-8      -0.08191026074509794
1.995810710219167E-8      -0.08237534444685679
2.0E-8                    -0.08284563279754703
0                         -0.013194404368230103
4.189289780832979E-11     -0.013194477441284451
8.378579561665958E-11     -0.013194696932582333
1.2567869342498936E-10    -0.013195062842123762
1.6757159123331916E-10    -0.013195575169908734
2.0946448904164892E-10    -0.013196233915937244
2.5574492353830083E-10    -0.013197131811885157
3.020253580349527E-10     -0.013198208885249372
3.483057925316046E-10     -0.013199465136029894
3.945862270282565E-10     -0.013200900564226726
4.4086666152490835E-10    -0.013202515169839857
4.919941500333006E-10     -0.013204507325855019
5.431216385416927E-10     -0.013206719458461661
5.942491270500851E-10     -0.013209151567659795
6.453766155584772E-10     -0.013211803653449419
6.965041040668695E-10     -0.013214675715830524
7.529862889122908E-10     -0.013218104807559932
8.094684737577123E-10     -0.013221805099974929
8.659506586031335E-10     -0.01322577659307553
9.22432843448555E-10      -0.013230019286861731
9.789150282939763E-10     -0.013234533181333526
1.0413127193936645E-9     -0.013239836324979944
1.1037104104933525E-9     -0.013245475616853701
1.1661081015930407E-9     -0.01325145105695481
1.228505792692729E-9      -0.013257762645283265
1.290903483792417E-9      -0.01326441038183906
1.3598362248412454E-9     -0.01327214760610016
1.4287689658900735E-9     -0.01328030430023285
1.4977017069389018E-9     -0.013288880464237141
1.5666344479877299E-9     -0.013297876098113035
1.6355671890365582E-9     -0.01330729120186052
1.7117194107681762E-9     -0.01331818453965484
1.7878716324997942E-9     -0.013329605708017526
1.864023854231412E-9      -0.013341554706948582
1.94017607596303E-9       -0.01335403153644801
2.016328297694648E-9      -0.013367036196515802
2.1004561126252937E-9     -0.013382024291378742
2.184583927555939E-9      -0.013397683315676328
2.268711742486584E-9      -0.013414013269408566
2.3528395574172295E-9     -0.013431014152575457
2.4369673723478746E-9     -0.013448685965176992
2.529906082027975E-9      -0.01346900173780622
2.622844791708075E-9      -0.013490180701130287
2.715783501388175E-9      -0.013512222855149197
2.808722211068275E-9      -0.013535128199862951
2.901660920748375E-9      -0.013558896735271544
3.004333310003815E-9      -0.013586180017882745
3.107005699259255E-9      -0.013614589736237468
3.209678088514695E-9      -0.013644125890335725
3.3123504777701346E-9     -0.013674788480177514
3.4150228670255746E-9     -0.013706577505762825
3.5284483659646214E-9     -0.01374304152078533
3.641873864903668E-9      -0.013780999804835064
3.755299363842715E-9      -0.013820452357912036
3.868724862781761E-9      -0.01386139918001624
3.982150361720808E-9      -0.013903840271147673
4.107455167620838E-9      -0.013952522669658334
4.2327599735208685E-9     -0.0140032245035753
4.358064779420899E-9      -0.014055945772898586
4.48336958532093E-9       -0.014110686477628186
4.60867439122096E-9       -0.014167446617764095
4.74710265076309E-9       -0.01423259596168029
4.885530910305219E-9      -0.014300531782785673
5.023959169847349E-9      -0.01437125408108025
5.162387429389479E-9      -0.01444476285656402
5.3008156889316085E-9     -0.014521058109236975
5.453741850582991E-9      -0.014608742384984824
5.606668012234374E-9      -0.01470036057360993
5.7595941738857555E-9     -0.014795912675112299
5.912520335537139E-9      -0.014895398689491936
6.065446497188521E-9      -0.014998818616748828
6.234388958943705E-9      -0.015117905536815739
6.403331420698887E-9      -0.015242686524209759
6.57227388245407E-9       -0.0153731615789309
6.7412163442092536E-9     -0.015509330700979158
6.910158805964436E-9      -0.015651193890354527
7.096794990760213E-9      -0.01581497003216098
7.283431175555989E-9      -0.015987214701396718
7.470067360351766E-9      -0.016167927898061756
7.656703545147541E-9      -0.01635710962215609
7.843339729943318E-9      -0.01655475987367971
8.049522589119894E-9      -0.01678368825048382
8.255705448296469E-9      -0.01702559152470612
8.461888307473043E-9      -0.01728046969634661
8.66807116664962E-9       -0.017548322765405296
8.874254025826196E-9      -0.01782915073188217
9.099403220660955E-9      -0.018151903164801413
9.324552415495714E-9      -0.01849469341647549
9.549701610330474E-9      -0.018857521486904408
9.774850805165232E-9      -0.019240387376088176
9.999999999999992E-9      -0.01964329108402678
1.0225149194834752E-8     -0.0200684913110348
1.045029838966951E-8      -0.020520152573972997
1.067544758450427E-8      -0.020998274872841387
1.0900596779339028E-8     -0.021502858207639974
1.1125745974173788E-8     -0.02203390257836874
1.1331928833350368E-8     -0.02254656427843614
1.1538111692526947E-8     -0.023088501084822022
1.1744294551703525E-8     -0.023659712997526394
1.1950477410880106E-8     -0.024260200016549268
1.2156660270056686E-8     -0.024889962141890615
1.2343296454852464E-8     -0.025488638998941122
1.252993263964824E-8      -0.026118615500345815
1.2716568824444016E-8     -0.0267798916461047
1.2903205009239795E-8     -0.027472467436217788
1.308984119403557E-8      -0.028196342870685055
1.3258783655790755E-8     -0.028882021366654603
1.3427726117545937E-8     -0.029600846873456262
1.359666857930112E-8      -0.030352819391090063
1.3765611041056303E-8     -0.031137938919555994
1.3934553502811485E-8     -0.031956205458854046
1.4087479664462868E-8     -0.032729018099530126
1.4240405826114248E-8     -0.033536743644698844
1.439333198776563E-8      -0.03437938209436022
1.4546258149417012E-8     -0.03525693344851426
1.4699184311068394E-8     -0.03616939770716094
1.4837612570610523E-8     -0.037029134245392746
1.4976040830152653E-8     -0.03792559427642825
1.511446908969478E-8      -0.03885877780026747
1.525289734923691E-8      -0.039828684816910404
1.539132560877904E-8      -0.04083531532635703
1.5516630414679068E-8     -0.041782032292177695
1.5641935220579097E-8     -0.04276746748317056
1.576724002647913E-8      -0.04379162089933565
1.5892544832379157E-8     -0.044854492540672974
1.6017849638279186E-8     -0.04595608240718249
1.6131275137218235E-8     -0.046990725508391104
1.6244700636157284E-8     -0.0480664316450801
1.635812613509633E-8      -0.049183200817249494
1.6471551634035378E-8     -0.0503410330248993
1.6584977132974427E-8     -0.05153992826802948
1.6687649522229866E-8     -0.052665028589493214
1.6790321911485305E-8     -0.05383409326994893
1.6892994300740748E-8     -0.05504712230939667
1.6995666689996187E-8     -0.056304115707836416
1.7098339079251626E-8     -0.05760507346526816
1.7191277788931725E-8     -0.05882554745637565
1.7284216498611824E-8     -0.060093706036786765
1.737715520829192E-8      -0.06140954920650156
1.747009391797202E-8      -0.06277307696552001
1.756303262765212E-8      -0.06418428931384211
1.7647160442582766E-8     -0.06550842123056173
1.773128825751341E-8      -0.06688512788383714
1.7815416072444053E-8     -0.06831440927366839
1.7899543887374696E-8     -0.06979626540005547
1.7983671702305343E-8     -0.07133069626299834
1.805982392403696E-8      -0.0727714304368146
1.8135976145768583E-8     -0.07427130070221123
1.8212128367500202E-8     -0.07583030705918826
1.8288280589231824E-8     -0.07744844950774572
1.8364432810963442E-8     -0.07912572804788356
1.8433365552012273E-8     -0.0807025665492528
1.8502298293061096E-8     -0.08234758148681974
1.857123103410993E-8      -0.08406077286058444
1.8640163775158753E-8     -0.08584214067054691
1.8709096516207583E-8     -0.08769168491670709
1.8771494207307272E-8     -0.08943386021902594
1.883389189840696E-8      -0.09125714278190443
1.8896289589506644E-8     -0.0931615326053426
1.8958687280606333E-8     -0.09514702968934048
1.9021084971706022E-8     -0.097213634033898
1.9077567156551446E-8     -0.09916577914421719
1.9134049341396865E-8     -0.10121848028690804
1.9190531526242286E-8     -0.1033717374619706
1.9247013711087707E-8     -0.10562555066940489
1.930349589593313E-8      -0.10797991990921085
1.9354623384441523E-8     -0.11021276077407362
1.9405750872949914E-8     -0.11257769287303035
1.9456878361458308E-8     -0.1150747162060811
1.95080058499667E-8       -0.1177038307732259
1.9559133338475093E-8     -0.12046503657446465
1.9605413772971743E-8     -0.12309911793993131
1.9651694207468397E-8     -0.12592158299658127
1.9697974641965047E-8     -0.12893243174441457
1.9744255076461697E-8     -0.13213166418343128
1.9790535510958347E-8     -0.13551928031363128
1.9832428408766678E-8     -0.13878138500155968
1.987432130657501E-8      -0.14234565387020517
1.991621420438334E-8      -0.14621208691956797
1.995810710219167E-8      -0.15038068414964795
2.0E-8                    -0.15485144556044506
0                         -1.366163619092937E-4
4.189289780832979E-11     -1.3662977975725774E-4
8.378579561665958E-11     -1.3667010981969173E-4
1.2567869342498936E-10    -1.3673735209659575E-4
1.6757159123331916E-10    -1.3683150658796978E-4
2.0946448904164892E-10    -1.3695257329381376E-4
2.5574492353830083E-10    -1.371175888496415E-4
3.020253580349527E-10     -1.373155851280014E-4
3.483057925316046E-10     -1.3754656212889362E-4
3.945862270282565E-10     -1.3781051985231808E-4
4.4086666152490835E-10    -1.381074582982747E-4
4.919941500333006E-10     -1.3847387804218934E-4
5.431216385416927E-10     -1.388809155536525E-4
5.942491270500851E-10     -1.3932857083266426E-4
6.453766155584772E-10     -1.3981684387922457E-4
6.965041040668695E-10     -1.403457346933334E-4
7.529862889122908E-10     -1.4097737684770653E-4
8.094684737577123E-10     -1.416593618480237E-4
8.659506586031335E-10     -1.423916896942851E-4
9.22432843448555E-10      -1.4317436038649068E-4
9.789150282939763E-10     -1.4400737392464036E-4
1.0413127193936645E-9     -1.4498649794338737E-4
1.1037104104933525E-9     -1.4602852368431383E-4
1.1661081015930407E-9     -1.471334511474198E-4
1.228505792692729E-9      -1.4830128033270533E-4
1.290903483792417E-9      -1.4953201124017032E-4
1.3598362248412454E-9     -1.5096546083374275E-4
1.4287689658900735E-9     -1.5247829729742192E-4
1.4977017069389018E-9     -1.5407052063120795E-4
1.5666344479877299E-9     -1.557421308351008E-4
1.6355671890365582E-9     -1.5749312790910042E-4
1.7117194107681762E-9     -1.5952107944988716E-4
1.7878716324997942E-9     -1.6165045563288624E-4
1.864023854231412E-9      -1.6388125645809787E-4
1.94017607596303E-9       -1.6621348192552202E-4
2.016328297694648E-9      -1.6864713203515854E-4
2.1004561126252937E-9     -1.7145579258562416E-4
2.184583927555939E-9      -1.7439592612650544E-4
2.268711742486584E-9      -1.7746753265780244E-4
2.3528395574172295E-9     -1.8067061217951519E-4
2.4369673723478746E-9     -1.840051646916436E-4
2.529906082027975E-9      -1.8784556390351895E-4
2.622844791708075E-9      -1.9185929445058558E-4
2.715783501388175E-9      -1.960463563328436E-4
2.808722211068275E-9      -2.0040674955029307E-4
2.901660920748375E-9      -2.0494047410293378E-4
3.004333310003815E-9      -2.1015685856534515E-4
3.107005699259255E-9      -2.156062198520654E-4
3.209678088514695E-9      -2.212885579630946E-4
3.3123504777701346E-9     -2.2720387289843286E-4
3.4150228670255746E-9     -2.3335216465808E-4
3.5284483659646214E-9     -2.404257709091061E-4
3.641873864903668E-9      -2.478193690262881E-4
3.755299363842715E-9      -2.55532959009626E-4
3.868724862781761E-9      -2.6356654085911993E-4
3.982150361720808E-9      -2.719201145747697E-4
4.107455167620838E-9      -2.815381073365678E-4
4.2327599735208685E-9     -2.916061609295548E-4
4.358064779420899E-9      -3.021242753537308E-4
4.48336958532093E-9       -3.130924506090958E-4
4.60867439122096E-9       -3.2451068669564964E-4
4.74710265076309E-9       -3.3767718764316054E-4
4.885530910305219E-9      -3.514931468321E-4
5.023959169847349E-9      -3.659585642624683E-4
5.162387429389479E-9      -3.8107343993426534E-4
5.3008156889316085E-9     -3.9683777384749095E-4
5.453741850582991E-9      -4.1505711679396147E-4
5.606668012234374E-9      -4.342397415666932E-4
5.7595941738857555E-9     -4.5438564816568645E-4
5.912520335537139E-9      -4.7549483659094113E-4
6.065446497188521E-9      -4.97567306842457E-4
6.234388958943705E-9      -5.231541515958061E-4
6.403331420698887E-9      -5.502119303616255E-4
6.57227388245407E-9       -5.78740643139916E-4
6.7412163442092536E-9     -6.087402899306773E-4
6.910158805964436E-9      -6.40210870733909E-4
7.096794990760213E-9      -6.768292591269105E-4
7.283431175555989E-9      -7.157643488625811E-4
7.470067360351766E-9      -7.570161399409214E-4
7.656703545147541E-9      -8.005846323619311E-4
7.843339729943318E-9      -8.4646982612561E-4
8.049522589119894E-9      -9.001009252387412E-4
8.255705448296469E-9      -9.575033692650071E-4
8.461888307473043E-9      -0.0010186771582044074
8.66807116664962E-9       -0.001083622292056943
8.874254025826196E-9      -0.0011523387708226131
9.099403220660955E-9      -0.0012321313047594861
9.324552415495714E-9      -0.0013181234048415093
9.549701610330474E-9      -0.001410315071068683
9.774850805165232E-9      -0.0015087063034410074
9.999999999999992E-9      -0.0016132971019584819
1.0225149194834752E-8     -0.001724928380432909
1.045029838966951E-8      -0.0018452400755161605
1.067544758450427E-8      -0.001974232187208238
1.0900596779339028E-8     -0.002111904715509141
1.1125745974173788E-8     -0.0022582576604188685
1.1331928833350368E-8     -0.0024011202027471664
1.1538111692526947E-8     -0.0025540544167623864
1.1744294551703525E-8     -0.0027170603024645303
1.1950477410880106E-8     -0.002890137859853598
1.2156660270056686E-8     -0.0030732870889295886
1.2343296454852464E-8     -0.0032491023036899805
1.252993263964824E-8      -0.003436044705699104
1.2716568824444016E-8     -0.0036341142949569603
1.2903205009239795E-8     -0.003843311071463549
1.308984119403557E-8      -0.00406363503521887
1.3258783655790755E-8     -0.004274032257793053
1.3427726117545937E-8     -0.00449640794074816
1.359666857930112E-8      -0.004730762084084195
1.3765611041056303E-8     -0.004977094687801156
1.3934553502811485E-8     -0.005235405751899041
1.4087479664462868E-8     -0.0054809172810707995
1.4240405826114248E-8     -0.0057390269403351435
1.439333198776563E-8      -0.006009734729692077
1.4546258149417012E-8     -0.0062930406491416
1.4699184311068394E-8     -0.006588944698683707
1.4837612570610523E-8     -0.006868983595330507
1.4976040830152653E-8     -0.0071620016291683965
1.511446908969478E-8      -0.007467998800197378
1.525289734923691E-8      -0.007786975108417452
1.539132560877904E-8      -0.008118930553828615
1.5516630414679068E-8     -0.008431869593481753
1.5641935220579097E-8     -0.008757937865504828
1.576724002647913E-8      -0.009097135369897839
1.5892544832379157E-8     -0.00944946210666079
1.6017849638279186E-8     -0.009814918075793677
1.6131275137218235E-8     -0.010158232338241546
1.6244700636157284E-8     -0.010514616153483758
1.635812613509633E-8      -0.010884069521520323
1.6471551634035378E-8     -0.011266592442351238
1.6584977132974427E-8     -0.011662184915976495
1.6687649522229866E-8     -0.012032641446593828
1.6790321911485305E-8     -0.012415928207564679
1.6892994300740748E-8     -0.012812045198889059
1.6995666689996187E-8     -0.013220992420566964
1.7098339079251626E-8     -0.013642769872598392
1.7191277788931725E-8     -0.014036633531723325
1.7284216498611824E-8     -0.014442941909504623
1.737715520829192E-8      -0.014861695005942293
1.747009391797202E-8      -0.015292892821036335
1.756303262765212E-8      -0.01573653535478674
1.7647160442582766E-8     -0.01614976852616434
1.773128825751341E-8      -0.0165749471584034
1.7815416072444053E-8     -0.017012071251503936
1.7899543887374696E-8     -0.01746114080546595
1.7983671702305343E-8     -0.01792215582028943
1.805982392403696E-8      -0.018350594254654243
1.8135976145768583E-8     -0.018790394507130263
1.8212128367500202E-8     -0.019241556577717502
1.8288280589231824E-8     -0.01970408046641596
1.8364432810963442E-8     -0.020177966173225623
1.8433365552012273E-8     -0.020617465931400063
1.8502298293061096E-8     -0.02106768555399126
1.857123103410993E-8      -0.021528625040999207
1.8640163775158753E-8     -0.022000284392423915
1.8709096516207583E-8     -0.022482663608265376
1.8771494207307272E-8     -0.02292921873808433
1.883389189840696E-8      -0.023385815897820753
1.8896289589506644E-8     -0.02385245508747466
1.8958687280606333E-8     -0.02432913630704605
1.9021084971706022E-8     -0.024815859556534908
1.9077567156551446E-8     -0.02526569008833863
1.9134049341396865E-8     -0.025724867284787407
1.9190531526242286E-8     -0.02619339114588127
1.9247013711087707E-8     -0.02667126167162021
1.930349589593313E-8      -0.02715847886200421
1.9354623384441523E-8     -0.027608091753616393
1.9405750872949914E-8     -0.028066352971327153
1.9456878361458308E-8     -0.028533262515136514
1.95080058499667E-8       -0.029008820385044452
1.9559133338475093E-8     -0.02949302658105098
1.9605413772971743E-8     -0.02993925345893735
1.9651694207468397E-8     -0.030393437847486087
1.9697974641965047E-8     -0.0308555797466972
1.9744255076461697E-8     -0.031325679156570696
1.9790535510958347E-8     -0.031803736077106556
1.9832428408766678E-8     -0.03224376807804539
1.987432130657501E-8      -0.03269107275192897
1.991621420438334E-8      -0.033145650098757334
1.995810710219167E-8      -0.033607500118530476
2.0E-8                    -0.03407662281124836
0                         -0.001603327636964688
4.189289780832979E-11     -0.0016033276453328873
8.378579561665958E-11     -0.0016033276704584272
1.2567869342498936E-10    -0.001603327712341309
1.6757159123331916E-10    -0.0016033277709815324
2.0946448904164892E-10    -0.0016033278463790967
2.5574492353830083E-10    -0.001603327949183649
3.020253580349527E-10     -0.001603328072511939
3.483057925316046E-10     -0.0016033282163639675
3.945862270282565E-10     -0.0016033283807397349
4.4086666152490835E-10    -0.0016033285656392399
4.919941500333006E-10     -0.0016033287937874327
5.431216385416927E-10     -0.0016033290471568896
5.942491270500851E-10     -0.0016033293257476122
6.453766155584772E-10     -0.0016033296295596
6.965041040668695E-10     -0.0016033299585928526
7.529862889122908E-10     -0.001603330351612629
8.094684737577123E-10     -0.0016033307758079186
8.659506586031335E-10     -0.0016033312311787224
9.22432843448555E-10      -0.0016033317177250401
9.789150282939763E-10     -0.0016033322354468713
1.0413127193936645E-9     -0.0016033328439840873
1.1037104104933525E-9     -0.0016033334913794436
1.1661081015930407E-9     -0.001603334177632941
1.228505792692729E-9      -0.0016033349027445793
1.290903483792417E-9      -0.0016033356667143576
1.3598362248412454E-9     -0.001603336556309108
1.4287689658900735E-9     -0.0016033374948435884
1.4977017069389018E-9     -0.0016033384823177998
1.5666344479877299E-9     -0.0016033395187317419
1.6355671890365582E-9     -0.001603340604085414
1.7117194107681762E-9     -0.0016033418608082737
1.7878716324997942E-9     -0.0016033431800507238
1.864023854231412E-9      -0.0016033445618127656
1.94017607596303E-9       -0.001603346006094399
2.016328297694648E-9      -0.0016033475128956229
2.1004561126252937E-9     -0.001603349251484041
2.184583927555939E-9      -0.0016033510715941898
2.268711742486584E-9      -0.0016033529732260693
2.3528395574172295E-9     -0.0016033549563796805
2.4369673723478746E-9     -0.0016033570210550216
2.529906082027975E-9      -0.0016033593989888547
2.622844791708075E-9      -0.0016033618863469643
2.715783501388175E-9      -0.0016033644831293515
2.808722211068275E-9      -0.0016033671893360163
2.901660920748375E-9      -0.0016033700049669576
3.004333310003815E-9      -0.0016033732467661656
3.107005699259255E-9      -0.0016033766417032718
3.209678088514695E-9      -0.0016033801897782766
3.3123504777701346E-9     -0.0016033838909911802
3.4150228670255746E-9     -0.0016033877453419817
3.5284483659646214E-9     -0.0016033921890897067
3.641873864903668E-9      -0.0016033968603035526
3.755299363842715E-9      -0.0016034017589835207
3.868724862781761E-9      -0.0016034068851296106
3.982150361720808E-9      -0.001603412238741822
4.107455167620838E-9      -0.0016034184325946464
4.2327599735208685E-9     -0.0016034249933751632
4.358064779420899E-9      -0.0016034319210833732
4.48336958532093E-9       -0.0016034392157192765
4.60867439122096E-9       -0.0016034468772828723
4.74710265076309E-9       -0.0016034557984933413
4.885530910305219E-9      -0.0016034653790020189
5.023959169847349E-9      -0.0016034756188089056
5.162387429389479E-9      -0.0016034865179140022
5.3008156889316085E-9     -0.0016034980763173072
5.453741850582991E-9      -0.001603511676026482
5.606668012234374E-9      -0.0016035266234041589
5.7595941738857555E-9     -0.001603542918450339
5.912520335537139E-9      -0.0016035605611650222
6.065446497188521E-9      -0.0016035795515482074
6.234388958943705E-9      -0.0016036022339389762
6.403331420698887E-9      -0.0016036280855770762
6.57227388245407E-9       -0.0016036571064625088
6.7412163442092536E-9     -0.0016036892965952735
6.910158805964436E-9      -0.0016037246559753697
7.096794990760213E-9      -0.0016037676674856241
7.283431175555989E-9      -0.001603819289791626
7.470067360351766E-9      -0.0016038795228933758
7.656703545147541E-9      -0.001603948366790874
7.843339729943318E-9      -0.0016040258214841193
8.049522589119894E-9      -0.0016041217119858
8.255705448296469E-9      -0.0016042446798688872
8.461888307473043E-9      -0.0016043947251333812
8.66807116664962E-9       -0.0016045718477792827
8.874254025826196E-9      -0.0016047760478065903
9.099403220660955E-9      -0.0016050294943175353
9.324552415495714E-9      -0.0016053781860082736
9.549701610330474E-9      -0.0016058221228788068
9.774850805165232E-9      -0.0016063613049291344
9.999999999999992E-9      -0.0016069957321592555
1.0225149194834752E-8     -0.0016077340110343995
1.045029838966951E-8      -0.0016087661849863786
1.067544758450427E-8      -0.0016100922540151937
1.0900596779339028E-8     -0.0016117122181208447
1.1125745974173788E-8     -0.0016136260773033308
1.1331928833350368E-8     -0.0016157023391148895
1.1538111692526947E-8     -0.0016184985218421694
1.1744294551703525E-8     -0.0016220146254851725
1.1950477410880106E-8     -0.0016262506500438984
1.2156660270056686E-8     -0.0016312065955183459
1.2343296454852464E-8     -0.0016365005713877044
1.252993263964824E-8      -0.0016433530561944022
1.2716568824444016E-8     -0.0016517640499384403
1.2903205009239795E-8     -0.001661733552619819
1.308984119403557E-8      -0.0016732615642385366
1.3258783655790755E-8     -0.0016854514341985442
1.3427726117545937E-8     -0.001700711465472381
1.359666857930112E-8      -0.0017190416580600487
1.3765611041056303E-8     -0.0017404420119615464
1.3934553502811485E-8     -0.0017649125271768735
1.4087479664462868E-8     -0.0017905167573910971
1.4240405826114248E-8     -0.001821678105352413
1.439333198776563E-8      -0.0018583965710608221
1.4546258149417012E-8     -0.0019006721545163246
1.4699184311068394E-8     -0.0019485048557189191
1.4837612570610523E-8     -0.001998017413727178
1.4976040830152653E-8     -0.002056852991629594
1.511446908969478E-8      -0.0021250115894261685
1.525289734923691E-8      -0.0022024932071169016
1.539132560877904E-8      -0.002289297844701792
1.5516630414679068E-8     -0.002378194940769347
1.5641935220579097E-8     -0.002481692567906923
1.576724002647913E-8      -0.002599790726114523
1.5892544832379157E-8     -0.002732489415392145
1.6017849638279186E-8     -0.0028797886357397893
1.6131275137218235E-8     -0.0030290884233481865
1.6244700636157284E-8     -0.003199890348322891
1.635812613509633E-8      -0.003392194410663903
1.6471551634035378E-8     -0.0036060006103712234
1.6584977132974427E-8     -0.0038413089474448507
1.6687649522229866E-8     -0.004077520114135444
1.6790321911485305E-8     -0.004343726195495636
1.6892994300740748E-8     -0.0046399271915254295
1.6995666689996187E-8     -0.004966123102224824
1.7098339079251626E-8     -0.005322313927593817
1.7191277788931725E-8     -0.005676687888479144
1.7284216498611824E-8     -0.00607097457374001
1.737715520829192E-8      -0.006505173983376418
1.747009391797202E-8      -0.0069792861173883685
1.756303262765212E-8      -0.007493310975775857
1.7647160442582766E-8     -0.00800054974071117
1.773128825751341E-8      -0.008558832256716924
1.7815416072444053E-8     -0.009168158523793121
1.7899543887374696E-8     -0.009828528541939762
1.7983671702305343E-8     -0.010539942311156842
1.805982392403696E-8      -0.011236839892771987
1.8135976145768583E-8     -0.0119970382419173
1.8212128367500202E-8     -0.012820537358592793
1.8288280589231824E-8     -0.013707337242798462
1.8364432810963442E-8     -0.0146574378945343
1.8433365552012273E-8     -0.015582328286265792
1.8502298293061096E-8     -0.0165842369135837
1.857123103410993E-8      -0.017663163776488036
1.8640163775158753E-8     -0.018819108874978802
1.8709096516207583E-8     -0.020052072209055985
1.8771494207307272E-8     -0.021246376116499262
1.883389189840696E-8      -0.022534049513373657
1.8896289589506644E-8     -0.02391509239967918
1.8958687280606333E-8     -0.02538950477541583
1.9021084971706022E-8     -0.026957286640583594
1.9077567156551446E-8     -0.028470826535851004
1.9134049341396865E-8     -0.03009943598237901
1.9190531526242286E-8     -0.03184311498016765
1.9247013711087707E-8     -0.0337018635292169
1.930349589593313E-8      -0.03567568162952675
1.9354623384441523E-8     -0.03757855636623905
1.9405750872949914E-8     -0.039629629510760996
1.9456878361458308E-8     -0.04182890106309262
1.95080058499667E-8       -0.044176371023233914
1.9559133338475093E-8     -0.046672039391184854
1.9605413772971743E-8     -0.04908131082294756
1.9651694207468397E-8     -0.05169730101788607
1.9697974641965047E-8     -0.05452000997600041
1.9744255076461697E-8     -0.057549437697290574
1.9790535510958347E-8     -0.060785584181756544
1.9832428408766678E-8     -0.0639279819902325
1.987432130657501E-8      -0.06739741559258323
1.991621420438334E-8      -0.07119388498880877
1.995810710219167E-8      -0.07531739017890912
2.0E-8                    -0.07976793116288425
0                         1.1668162699074557E-4
4.189289780832979E-11     1.1668162311875469E-4
8.378579561665958E-11     1.1668161149660388E-4
1.2567869342498936E-10    1.166815921242932E-4
1.6757159123331916E-10    1.1668156500182265E-4
2.0946448904164892E-10    1.1668153012919215E-4
2.5574492353830083E-10    1.1668148259011071E-4
3.020253580349527E-10     1.166814255719743E-4
3.483057925316046E-10     1.1668135907478303E-4
3.945862270282565E-10     1.166812830985369E-4
4.4086666152490835E-10    1.1668119764323579E-4
4.919941500333006E-10     1.1668109220758237E-4
5.431216385416927E-10     1.1668097514906629E-4
5.942491270500851E-10     1.1668084646768761E-4
6.453766155584772E-10     1.1668070616344632E-4
6.965041040668695E-10     1.1668055423634237E-4
7.529862889122908E-10     1.1668037284073957E-4
8.094684737577123E-10     1.1668017714171665E-4
8.659506586031335E-10     1.1667996713927364E-4
9.22432843448555E-10      1.166797428334106E-4
9.789150282939763E-10     1.166795042241274E-4
1.0413127193936645E-9     1.1667922391392565E-4
1.1037104104933525E-9     1.1667892591516604E-4
1.1661081015930407E-9     1.1667861022784861E-4
1.228505792692729E-9      1.1667827685197339E-4
1.290903483792417E-9      1.1667792578754026E-4
1.3598362248412454E-9     1.1667751726192204E-4
1.4287689658900735E-9     1.1667708672537842E-4
1.4977017069389018E-9     1.1667663417790949E-4
1.5666344479877299E-9     1.1667615961951523E-4
1.6355671890365582E-9     1.1667566305019558E-4
1.7117194107681762E-9     1.1667508865204601E-4
1.7878716324997942E-9     1.1667448664145215E-4
1.864023854231412E-9      1.1667385701841408E-4
1.94017607596303E-9       1.1667319978293179E-4
2.016328297694648E-9      1.1667251493500524E-4
2.1004561126252937E-9     1.1667172586029473E-4
2.184583927555939E-9      1.1667090176241496E-4
2.268711742486584E-9      1.1667004264136595E-4
2.3528395574172295E-9     1.1666914849714776E-4
2.4369673723478746E-9     1.1666821932976026E-4
2.529906082027975E-9      1.1666715144135436E-4
2.622844791708075E-9      1.1666603846027489E-4
2.715783501388175E-9      1.1666488038652188E-4
2.808722211068275E-9      1.1666367722009538E-4
2.901660920748375E-9      1.1666242896099528E-4
3.004333310003815E-9      1.1666099635048834E-4
3.107005699259255E-9      1.1665950445492288E-4
3.209678088514695E-9      1.16657953274299E-4
3.3123504777701346E-9     1.1665634280861667E-4
3.4150228670255746E-9     1.1665467305787584E-4
3.5284483659646214E-9     1.1665275741177542E-4
3.641873864903668E-9      1.1665076143403113E-4
3.755299363842715E-9      1.1664868512464294E-4
3.868724862781761E-9      1.1664652848361091E-4
3.982150361720808E-9      1.1664429151093498E-4
4.107455167620838E-9      1.1664172311652644E-4
4.2327599735208685E-9     1.1663904087208574E-4
4.358064779420899E-9      1.1663624477761292E-4
4.48336958532093E-9       1.1663333483310798E-4
4.60867439122096E-9       1.1663031103857086E-4
4.74710265076309E-9       1.1662683133707368E-4
4.885530910305219E-9      1.1662317888527855E-4
5.023959169847349E-9      1.1661935368318551E-4
5.162387429389479E-9      1.1661535573079457E-4
5.3008156889316085E-9     1.1661118502810567E-4
5.453741850582991E-9      1.1660636374558869E-4
5.606668012234374E-9      1.1660125209823289E-4
5.7595941738857555E-9     1.1659585008603838E-4
5.912520335537139E-9      1.1659015770900514E-4
6.065446497188521E-9      1.165841749671331E-4
6.234388958943705E-9      1.1657720321130433E-4
6.403331420698887E-9      1.1656966751831549E-4
6.57227388245407E-9       1.1656156788816666E-4
6.7412163442092536E-9     1.1655290432085783E-4
6.910158805964436E-9      1.165436768163889E-4
7.096794990760213E-9      1.1653278278247629E-4
7.283431175555989E-9      1.1652057113823832E-4
7.470067360351766E-9      1.1650704188367515E-4
7.656703545147541E-9      1.1649219501878673E-4
7.843339729943318E-9      1.1647603054357297E-4
8.049522589119894E-9      1.1645659271193717E-4
8.255705448296469E-9      1.1643336601587827E-4
8.461888307473043E-9      1.1640635045539632E-4
8.66807116664962E-9       1.163755460304913E-4
8.874254025826196E-9      1.1634095274116317E-4
9.099403220660955E-9      1.1629895070863911E-4
9.324552415495714E-9      1.1624402340992052E-4
9.549701610330474E-9      1.1617617084500757E-4
9.774850805165232E-9      1.1609539301390018E-4
9.999999999999992E-9      1.1600168991659831E-4
1.0225149194834752E-8     1.1589414398611776E-4
1.045029838966951E-8      1.1574641119908842E-4
1.067544758450427E-8      1.1555849155551033E-4
1.0900596779339028E-8     1.1533038505538354E-4
1.1125745974173788E-8     1.1506209169870792E-4
1.1331928833350368E-8     1.1477261653705424E-4
1.1538111692526947E-8     1.1438239968579263E-4
1.1744294551703525E-8     1.1389144114492312E-4
1.1950477410880106E-8     1.1329974091444571E-4
1.2156660270056686E-8     1.1260729899436036E-4
1.2343296454852464E-8     1.1186798045444271E-4
1.252993263964824E-8      1.1090474831777791E-4
1.2716568824444016E-8     1.0971760258436601E-4
1.2903205009239795E-8     1.0830654325420704E-4
1.308984119403557E-8      1.0667157032730093E-4
1.3258783655790755E-8     1.0493977176098646E-4
1.3427726117545937E-8     1.0275532454532201E-4
1.359666857930112E-8      1.001182286803076E-4
1.3765611041056303E-8     9.702848416594322E-5
1.3934553502811485E-8     9.348609100222886E-5
1.4087479664462868E-8     8.976975061099223E-5
1.4240405826114248E-8     8.52140975422844E-5
1.439333198776563E-8      7.981913179610544E-5
1.4546258149417012E-8     7.358485337245532E-5
1.4699184311068394E-8     6.651126227133402E-5
1.4837612570610523E-8     5.916717539551428E-5
1.4976040830152653E-8     5.038363148649899E-5
1.511446908969478E-8      4.016063054428819E-5
1.525289734923691E-8      2.8498172568881857E-5
1.539132560877904E-8      1.539625756027998E-5
1.5516630414679068E-8     1.9370964404601628E-6
1.5641935220579097E-8     -1.3821458715113137E-5
1.576724002647913E-8      -3.187940790643992E-5
1.5892544832379157E-8     -5.22367511335202E-5
1.6017849638279186E-8     -7.489348839635396E-5
1.6131275137218235E-8     -9.79269614837458E-5
1.6244700636157284E-8     -1.2440631351718837E-4
1.635812613509633E-8      -1.543315444966817E-4
1.6471551634035378E-8     -1.8770265442222581E-4
1.6584977132974427E-8     -2.2451964329382065E-4
1.6687649522229866E-8     -2.615827534002517E-4
1.6790321911485305E-8     -3.0352319261575943E-4
1.6892994300740748E-8     -3.5034096094034394E-4
1.6995666689996187E-8     -4.020360583740053E-4
1.7098339079251626E-8     -4.586084849167435E-4
1.7191277788931725E-8     -5.150373897881661E-4
1.7284216498611824E-8     -5.780235986576883E-4
1.737715520829192E-8      -6.475671115253102E-4
1.747009391797202E-8      -7.236679283910319E-4
1.756303262765212E-8      -8.063260492548529E-4
1.7647160442582766E-8     -8.880696818213296E-4
1.773128825751341E-8      -9.78228193580464E-4
1.7815416072444053E-8     -0.001076801584532257
1.7899543887374696E-8     -0.0011837898546767087
1.7983671702305343E-8     -0.0012991930040138183
1.805982392403696E-8      -0.001412410860597645
1.8135976145768583E-8     -0.0015359802361881811
1.8212128367500202E-8     -0.0016699011307854269
1.8288280589231824E-8     -0.001814173544389383
1.8364432810963442E-8     -0.001968797477000048
1.8433365552012273E-8     -0.00211938030594332
1.8502298293061096E-8     -0.0022822211924953453
1.857123103410993E-8      -0.002457320136656125
1.8640163775158753E-8     -0.0026446771384256605
1.8709096516207583E-8     -0.0028442921978039486
1.8771494207307272E-8     -0.0030373889803001616
1.883389189840696E-8      -0.0032445158822404932
1.8896289589506644E-8     -0.003465672903624945
1.8958687280606333E-8     -0.0037008600444535184
1.9021084971706022E-8     -0.00395007730472621
1.9077567156551446E-8     -0.004189693408968584
1.9134049341396865E-8     -0.0044448893420630095
1.9190531526242286E-8     -0.0047156651040094885
1.9247013711087707E-8     -0.00500202069480802
1.930349589593313E-8      -0.0053039561144586035
1.9354623384441523E-8     -0.005592670325466883
1.9405750872949914E-8     -0.005898230460804663
1.9456878361458308E-8     -0.006220636520471949
1.95080058499667E-8       -0.006559888504468739
1.9559133338475093E-8     -0.006915986412795032
1.9605413772971743E-8     -0.007254821147310859
1.9651694207468397E-8     -0.007611447806459598
1.9697974641965047E-8     -0.007985866390241254
1.9744255076461697E-8     -0.008378076898655825
1.9790535510958347E-8     -0.008788079331703308
1.9832428408766678E-8     -0.009176592079384887
1.987432130657501E-8      -0.0095834638809989
1.991621420438334E-8      -0.010008694736545348
1.995810710219167E-8      -0.010452284646024237
2.0E-8                    -0.010914233609435556
0                         1.2073229909160934E-5
4.189289780832979E-11     1.207322945558048E-5
8.378579561665958E-11     1.207322809733693E-5
1.2567869342498936E-10    1.2073225834430295E-5
1.6757159123331916E-10    1.207322266686057E-5
2.0946448904164892E-10    1.2073218594627753E-5
2.5574492353830083E-10    1.2073213033688976E-5
3.020253580349527E-10     1.2073206365301237E-5
3.483057925316046E-10     1.2073198589464546E-5
3.945862270282565E-10     1.2073189706178901E-5
4.4086666152490835E-10    1.2073179715444298E-5
4.919941500333006E-10     1.2073167391404084E-5
5.431216385416927E-10     1.207315371543909E-5
5.942491270500851E-10     1.2073138687549332E-5
6.453766155584772E-10     1.2073122307734805E-5
6.965041040668695E-10     1.20731045759955E-5
7.529862889122908E-10     1.2073083374959891E-5
8.094684737577123E-10     1.2073060516892356E-5
8.659506586031335E-10     1.2073036001792906E-5
9.22432843448555E-10      1.2073009829661536E-5
9.789150282939763E-10     1.207298200049824E-5
1.0413127193936645E-9     1.2072949275210881E-5
1.1037104104933525E-9     1.20729145028789E-5
1.1661081015930407E-9     1.2072877683502303E-5
1.228505792692729E-9      1.2072838817081093E-5
1.290903483792417E-9      1.2072797903615259E-5
1.3598362248412454E-9     1.20727502999156E-5
1.4287689658900735E-9     1.2072700156655093E-5
1.4977017069389018E-9     1.2072647473833748E-5
1.5666344479877299E-9     1.2072592251451561E-5
1.6355671890365582E-9     1.2072534489508526E-5
1.7117194107681762E-9     1.2072467685972187E-5
1.7878716324997942E-9     1.2072397718001604E-5
1.864023854231412E-9      1.2072324585596786E-5
1.94017607596303E-9       1.207224828875773E-5
2.016328297694648E-9      1.2072168827484432E-5
2.1004561126252937E-9     1.2072077353163226E-5
2.184583927555939E-9      1.2071981903332653E-5
2.268711742486584E-9      1.2071882477992728E-5
2.3528395574172295E-9     1.2071779077143447E-5
2.4369673723478746E-9     1.2071671700784803E-5
2.529906082027975E-9      1.2071548476930055E-5
2.622844791708075E-9      1.2071420217038514E-5
2.715783501388175E-9      1.2071286921110189E-5
2.808722211068275E-9      1.207114858914508E-5
2.901660920748375E-9      1.2071005221143178E-5
3.004333310003815E-9      1.2070841053056606E-5
3.107005699259255E-9      1.2070670438002869E-5
3.209678088514695E-9      1.2070493375981977E-5
3.3123504777701346E-9     1.207030986699393E-5
3.4150228670255746E-9     1.2070119911038721E-5
3.5284483659646214E-9     1.2069902706036204E-5
3.641873864903668E-9      1.2069677143707636E-5
3.755299363842715E-9      1.2069443224053021E-5
3.868724862781761E-9      1.2069200947072364E-5
3.982150361720808E-9      1.2068950312765653E-5
4.107455167620838E-9      1.206866396234152E-5
4.2327599735208685E-9     1.206836661135584E-5
4.358064779420899E-9      1.2068058259808617E-5
4.48336958532093E-9       1.2067738907699855E-5
4.60867439122096E-9       1.2067408555029542E-5
4.74710265076309E-9       1.2067031267320842E-5
4.885530910305219E-9      1.206663921321565E-5
5.023959169847349E-9      1.2066232392713979E-5
5.162387429389479E-9      1.2065810805815824E-5
5.3008156889316085E-9     1.2065374452521181E-5
5.453741850582991E-9      1.2064876094269629E-5
5.606668012234374E-9      1.2064357474607197E-5
5.7595941738857555E-9     1.2063818593533888E-5
5.912520335537139E-9      1.2063259451049706E-5
6.065446497188521E-9      1.2062680047154642E-5
6.234388958943705E-9      1.2062017908272984E-5
6.403331420698887E-9      1.206132728045311E-5
6.57227388245407E-9       1.2060608163695026E-5
6.7412163442092536E-9     1.205986055799873E-5
6.910158805964436E-9      1.2059084463364216E-5
7.096794990760213E-9      1.2058196233751762E-5
7.283431175555989E-9      1.2057266828969256E-5
7.470067360351766E-9      1.2056296249016705E-5
7.656703545147541E-9      1.2055284493894106E-5
7.843339729943318E-9      1.2054231563601454E-5
8.049522589119894E-9      1.2053021437292704E-5
8.255705448296469E-9      1.2051749244528985E-5
8.461888307473043E-9      1.2050414985310309E-5
8.66807116664962E-9       1.2049018659636673E-5
8.874254025826196E-9      1.2047560267508069E-5
9.099403220660955E-9      1.204588762744739E-5
9.324552415495714E-9      1.2044117442149769E-5
9.549701610330474E-9      1.2042249711615217E-5
9.774850805165232E-9      1.2040284435843732E-5
9.999999999999992E-9      1.203822161483531E-5
1.0225149194834752E-8     1.203603206905394E-5
1.045029838966951E-8      1.2033707541381795E-5
1.067544758450427E-8      1.2031248031818885E-5
1.0900596779339028E-8     1.2028653540365206E-5
1.1125745974173788E-8     1.2025924067020752E-5
1.1331928833350368E-8     1.2023228873082526E-5
1.1538111692526947E-8     1.2020348823167849E-5
1.1744294551703525E-8     1.2017283917276723E-5
1.1950477410880106E-8     1.2014034155409155E-5
1.2156660270056686E-8     1.2010599537565132E-5
1.2343296454852464E-8     1.2007238780708682E-5
1.252993263964824E-8      1.2003596646618567E-5
1.2716568824444016E-8     1.1999673135294795E-5
1.2903205009239795E-8     1.1995468246737363E-5
1.308984119403557E-8      1.1990981980946268E-5
1.3258783655790755E-8     1.198655791350062E-5
1.3427726117545937E-8     1.1981677664234448E-5
1.359666857930112E-8      1.1976341233147768E-5
1.3765611041056303E-8     1.1970548620240573E-5
1.3934553502811485E-8     1.196429982551286E-5
1.4087479664462868E-8     1.1958079265540158E-5
1.4240405826114248E-8     1.1951077226456536E-5
1.439333198776563E-8      1.1943293708262002E-5
1.4546258149417012E-8     1.1934728710956553E-5
1.4699184311068394E-8     1.1925382234540184E-5
1.4837612570610523E-8     1.1916052539879505E-5
1.4976040830152653E-8     1.1905205635874846E-5
1.511446908969478E-8      1.1892841522526214E-5
1.525289734923691E-8      1.1878960199833607E-5
1.539132560877904E-8      1.186356166779702E-5
1.5516630414679068E-8     1.1848446387235905E-5
1.5641935220579097E-8     1.1828924391347213E-5
1.576724002647913E-8      1.1804995680130954E-5
1.5892544832379157E-8     1.1776660253587122E-5
1.6017849638279186E-8     1.1743918111715716E-5
1.6131275137218235E-8     1.1712559304983316E-5
1.6244700636157284E-8     1.1661240490984287E-5
1.635812613509633E-8      1.1589961669718635E-5
1.6471551634035378E-8     1.1498722841186357E-5
1.6584977132974427E-8     1.138752400538745E-5
1.6687649522229866E-8     1.1277700063330621E-5
1.6790321911485305E-8     1.1070183555073114E-5
1.6892994300740748E-8     1.076497448061494E-5
1.6995666689996187E-8     1.0362072839956094E-5
1.7098339079251626E-8     9.861478633096574E-6
1.7191277788931725E-8     9.339326842035485E-6
1.7284216498611824E-8     8.394916886777795E-6
1.737715520829192E-8      7.028248767323514E-6
1.747009391797202E-8      5.2393224836726385E-6
1.756303262765212E-8      3.0281380358251667E-6
1.7647160442582766E-8     6.468711872111839E-7
1.773128825751341E-8      -3.2859614965590215E-6
1.7815416072444053E-8     -8.77036001548545E-6
1.7899543887374696E-8     -1.5806324369568105E-5
1.7983671702305343E-8     -2.4393854558806983E-5
1.805982392403696E-8      -3.3742232160735524E-5
1.8135976145768583E-8     -4.796904225632725E-5
1.8212128367500202E-8     -6.707428484558217E-5
1.8288280589231824E-8     -9.10579599285003E-5
1.8364432810963442E-8     -1.199200675050816E-4
1.8433365552012273E-8     -1.5131187324203394E-4
1.8502298293061096E-8     -1.9604742029064325E-4
1.857123103410993E-8      -2.5412670865090957E-4
1.8640163775158753E-8     -3.25549738322833E-4
1.8709096516207583E-8     -4.103165093064134E-4
1.8771494207307272E-8     -5.019043537381194E-4
1.883389189840696E-8      -6.25798084397673E-4
1.8896289589506644E-8     -7.819977012850745E-4
1.8958687280606333E-8     -9.705032044003242E-4
1.9021084971706022E-8     -0.0011913145937434214
1.9077567156551446E-8     -0.001427614064118251
1.9134049341396865E-8     -0.0017341843209596917
1.9190531526242286E-8     -0.0021110253642677448
1.9247013711087707E-8     -0.0025581371940424096
1.930349589593313E-8      -0.0030755198102836853
1.9354623384441523E-8     -0.0036229521507396834
1.9405750872949914E-8     -0.004310267090679516
1.9456878361458308E-8     -0.0051374646301031845
1.95080058499667E-8       -0.006104544769010689
1.9559133338475093E-8     -0.007211507507402028
1.9605413772971743E-8     -0.008369032947821126
1.9651694207468397E-8     -0.009788954577080847
1.9697974641965047E-8     -0.011471272395181196
1.9744255076461697E-8     -0.013415986402122172
1.9790535510958347E-8     -0.01562309659790377
1.9832428408766678E-8     -0.017907631638576272
1.987432130657501E-8      -0.02068897855444679
1.991621420438334E-8      -0.023967137345515338
1.995810710219167E-8      -0.027742108011781917
2.0E-8                    -0.03201389055324651
0                         1.2166979620502474E-4
4.189289780832979E-11     1.2166979613251204E-4
8.378579561665958E-11     1.216697959151617E-4
1.2567869342498936E-10    1.2166979555297375E-4
1.6757159123331916E-10    1.216697950459482E-4
2.0946448904164892E-10    1.21669794394085E-4
2.5574492353830083E-10    1.2166979350453567E-4
3.020253580349527E-10     1.2166979243771804E-4
3.483057925316046E-10     1.2166979119363215E-4
3.945862270282565E-10     1.2166978977227802E-4
4.4086666152490835E-10    1.2166978817365555E-4
4.919941500333006E-10     1.2166978620146496E-4
5.431216385416927E-10     1.21669784012402E-4
5.942491270500851E-10     1.2166978160646675E-4
6.453766155584772E-10     1.2166977898365917E-4
6.965041040668695E-10     1.2166977614397921E-4
7.529862889122908E-10     1.2166977275051838E-4
8.094684737577123E-10     1.2166976909063607E-4
8.659506586031335E-10     1.2166976516433237E-4
9.22432843448555E-10      1.2166976097160726E-4
9.789150282939763E-10     1.216697565124607E-4
1.0413127193936645E-9     1.21669751270595E-4
1.1037104104933525E-9     1.21669745699164E-4
1.1661081015930407E-9     1.216697397981678E-4
1.228505792692729E-9      1.2166973356760635E-4
1.290903483792417E-9      1.2166972700747961E-4
1.3598362248412454E-9     1.2166971937354534E-4
1.4287689658900735E-9     1.2166971132977619E-4
1.4977017069389018E-9     1.2166970287617225E-4
1.5666344479877299E-9     1.2166969401273346E-4
1.6355671890365582E-9     1.2166968473945981E-4
1.7117194107681762E-9     1.2166967401263117E-4
1.7878716324997942E-9     1.216696627730584E-4
1.864023854231412E-9      1.2166965102074166E-4
1.94017607596303E-9       1.2166963875568088E-4
2.016328297694648E-9      1.2166962597787602E-4
2.1004561126252937E-9     1.216696112609373E-4
2.184583927555939E-9      1.2166959589658555E-4
2.268711742486584E-9      1.2166957988482083E-4
2.3528395574172295E-9     1.2166956322564316E-4
2.4369673723478746E-9     1.2166954591905244E-4
2.529906082027975E-9      1.2166952604294147E-4
2.622844791708075E-9      1.2166950534097382E-4
2.715783501388175E-9      1.2166948381314953E-4
2.808722211068275E-9      1.2166946145946865E-4
2.901660920748375E-9      1.2166943827993107E-4
3.004333310003815E-9      1.2166941170882377E-4
3.107005699259255E-9      1.2166938407076754E-4
3.209678088514695E-9      1.2166935536576244E-4
3.3123504777701346E-9     1.2166932559380848E-4
3.4150228670255746E-9     1.216692947549056E-4
3.5284483659646214E-9     1.2166925944156695E-4
3.641873864903668E-9      1.2166922272866359E-4
3.755299363842715E-9      1.2166918461619563E-4
3.868724862781761E-9      1.2166914510416305E-4
3.982150361720808E-9      1.2166910419256577E-4
4.107455167620838E-9      1.2166905736324803E-4
4.2327599735208685E-9     1.2166900866401326E-4
4.358064779420899E-9      1.2166895809486157E-4
4.48336958532093E-9       1.2166890565579297E-4
4.60867439122096E-9       1.2166885134680736E-4
4.74710265076309E-9       1.2166878916905338E-4
4.885530910305219E-9      1.2166872443571713E-4
5.023959169847349E-9      1.2166865714679877E-4
5.162387429389479E-9      1.2166858730229827E-4
5.3008156889316085E-9     1.2166851490221552E-4
5.453741850582991E-9      1.2166843194501056E-4
5.606668012234374E-9      1.2166834540294179E-4
5.7595941738857555E-9     1.2166825527600922E-4
5.912520335537139E-9      1.216681615642129E-4
6.065446497188521E-9      1.2166806426755272E-4
6.234388958943705E-9      1.2166795260680012E-4
6.403331420698887E-9      1.216678357640972E-4
6.57227388245407E-9       1.21667713739444E-4
6.7412163442092536E-9     1.2166758653284057E-4
6.910158805964436E-9      1.216674541442868E-4
7.096794990760213E-9      1.216673018153934E-4
7.283431175555989E-9      1.2166714172780877E-4
7.470067360351766E-9      1.2166697388153302E-4
7.656703545147541E-9      1.2166679827656612E-4
7.843339729943318E-9      1.21666614912908E-4
8.049522589119894E-9      1.2166640292678776E-4
8.255705448296469E-9      1.21666178767361E-4
8.461888307473043E-9      1.2166594243462776E-4
8.66807116664962E-9       1.2166569392858809E-4
8.874254025826196E-9      1.2166543324924188E-4
9.099403220660955E-9      1.2166513288009645E-4
9.324552415495714E-9      1.2166481265285406E-4
9.549701610330474E-9      1.2166447256751482E-4
9.774850805165232E-9      1.216641126240787E-4
9.999999999999992E-9      1.2166373282254565E-4
1.0225149194834752E-8     1.2166332866745933E-4
1.045029838966951E-8      1.2166289601250421E-4
1.067544758450427E-8      1.2166243485768036E-4
1.0900596779339028E-8     1.2166194520298776E-4
1.1125745974173788E-8     1.2166142704842638E-4
1.1331928833350368E-8     1.2166091757966963E-4
1.1538111692526947E-8     1.2166037078625108E-4
1.1744294551703525E-8     1.2165978666817083E-4
1.1950477410880106E-8     1.2165916522542883E-4
1.2156660270056686E-8     1.2165850645802506E-4
1.2343296454852464E-8     1.2165786608086794E-4
1.252993263964824E-8      1.2165717490034386E-4
1.2716568824444016E-8     1.2165643291645285E-4
1.2903205009239795E-8     1.2165564012919493E-4
1.308984119403557E-8      1.2165479653857002E-4
1.3258783655790755E-8     1.216539739521137E-4
1.3427726117545937E-8     1.2165307928030303E-4
1.359666857930112E-8      1.2165211252313809E-4
1.3765611041056303E-8     1.2165107368061885E-4
1.3934553502811485E-8     1.2164996275274526E-4
1.4087479664462868E-8     1.2164887455020302E-4
1.4240405826114248E-8     1.2164767879105739E-4
1.439333198776563E-8      1.2164637547530851E-4
1.4546258149417012E-8     1.2164496460295635E-4
1.4699184311068394E-8     1.2164344617400084E-4
1.4837612570610523E-8     1.2164195656607397E-4
1.4976040830152653E-8     1.216402849745003E-4
1.511446908969478E-8      1.2163843139927992E-4
1.525289734923691E-8      1.2163639584041284E-4
1.539132560877904E-8      1.2163417829789898E-4
1.5516630414679068E-8     1.2163202859759398E-4
1.5641935220579097E-8     1.2162940465285083E-4
1.576724002647913E-8      1.2162630646366966E-4
1.5892544832379157E-8     1.216227340300504E-4
1.6017849638279186E-8     1.2161868735199304E-4
1.6131275137218235E-8     1.2161484549405886E-4
1.6244700636157284E-8     1.2160890938365371E-4
1.635812613509633E-8      1.2160087902077773E-4
1.6471551634035378E-8     1.2159075440543087E-4
1.6584977132974427E-8     1.2157853553761307E-4
1.6687649522229866E-8     1.2156656799329177E-4
1.6790321911485305E-8     1.2154425164875197E-4
1.6892994300740748E-8     1.2151158650399374E-4
1.6995666689996187E-8     1.2146857255901711E-4
1.7098339079251626E-8     1.2141520981382199E-4
1.7191277788931725E-8     1.2135974853467108E-4
1.7284216498611824E-8     1.2125905667545589E-4
1.737715520829192E-8      1.211131342361765E-4
1.747009391797202E-8      1.2092198121683294E-4
1.756303262765212E-8      1.2068559761742511E-4
1.7647160442582766E-8     1.2043129141258726E-4
1.773128825751341E-8      1.200093430611037E-4
1.7815416072444053E-8     1.1941975256297455E-4
1.7899543887374696E-8     1.1866251991819976E-4
1.7983671702305343E-8     1.1773764512677928E-4
1.805982392403696E-8      1.167309468629326E-4
1.8135976145768583E-8     1.1519353785741776E-4
1.8212128367500202E-8     1.1312541811023488E-4
1.8288280589231824E-8     1.105265876213839E-4
1.8364432810963442E-8     1.0739704639086483E-4
1.8433365552012273E-8     1.0399246162880909E-4
1.8502298293061096E-8     9.912802595092376E-5
1.857123103410993E-8      9.280373935720888E-5
1.8640163775158753E-8     8.501960184766443E-5
1.8709096516207583E-8     7.577561342229039E-5
1.8771494207307272E-8     6.578389233458207E-5
1.883389189840696E-8      5.2241002555402453E-5
1.8896289589506644E-8     3.514694408475162E-5
1.8958687280606333E-8     1.4501716922629524E-5
1.9021084971706022E-8     -9.694678930963838E-6
1.9077567156551446E-8     -3.5603198634254686E-5
1.9134049341396865E-8     -6.92600592625607E-5
1.9190531526242286E-8     -1.1066526081588195E-4
1.9247013711087707E-8     -1.5981880329421846E-4
1.930349589593313E-8      -2.1672068669757012E-4
1.9354623384441523E-8     -2.769956760601617E-4
1.9405750872949914E-8     -3.526327354642439E-4
1.9456878361458308E-8     -4.43631864909817E-4
1.95080058499667E-8       -5.49993064396881E-4
1.9559133338475093E-8     -6.717163339254355E-4
1.9605413772971743E-8     -7.992844492424496E-4
1.9651694207468397E-8     -9.547569914648776E-4
1.9697974641965047E-8     -0.0011381339605927199
1.9744255076461697E-8     -0.0013494153566259769
1.9790535510958347E-8     -0.0015886011795646475
1.9832428408766678E-8     -0.0018372247690499174
1.987432130657501E-8      -0.002132296588318987
1.991621420438334E-8      -0.0024738166373718578
1.995810710219167E-8      -0.00286178491620853
2.0E-8                    -0.003296201424829002
