% Model:              EDL.mph
% Version:            COMSOL 4.4.0.248
% Date:               Nov 6 2016, 17:30
% Dimension:          1
% Nodes:              1448
% Expressions:        1
% Description:        Line graph
% r                       Height
0                         3.5797445056257335
4.189289780832979E-11     3.5799329708049257
8.378579561665958E-11     3.5801214359841174
1.2567869342498936E-10    3.580309901163309
1.6757159123331916E-10    3.580498366342501
2.0946448904164892E-10    3.580686831521693
2.5574492353830083E-10    3.58121589458578
3.020253580349527E-10     3.5817449576498657
3.483057925316046E-10     3.5822740207139523
3.945862270282565E-10     3.582803083778039
4.4086666152490835E-10    3.583332146842125
4.919941500333006E-10     3.584330948995694
5.431216385416927E-10     3.5853297511492626
5.942491270500851E-10     3.5863285533028315
6.453766155584772E-10     3.5873273554564
6.965041040668695E-10     3.588326157609969
7.529862889122908E-10     3.589950795419551
8.094684737577123E-10     3.591575433229133
8.659506586031335E-10     3.5932000710387153
9.22432843448555E-10      3.5948247088482974
9.789150282939763E-10     3.5964493466578795
1.0413127193936645E-9     3.5988846556835616
1.1037104104933525E-9     3.6013199647092433
1.1661081015930407E-9     3.6037552737349254
1.228505792692729E-9      3.6061905827606076
1.290903483792417E-9      3.6086258917862892
1.3598362248412454E-9     3.6121109352898495
1.4287689658900735E-9     3.6155959787934098
1.4977017069389018E-9     3.61908102229697
1.5666344479877299E-9     3.62256606580053
1.6355671890365582E-9     3.62605110930409
1.7117194107681762E-9     3.6308905955312314
1.7878716324997942E-9     3.635730081758372
1.864023854231412E-9      3.640569567985513
1.94017607596303E-9       3.645409054212654
2.016328297694648E-9      3.6502485404397946
2.1004561126252937E-9     3.6568409966113262
2.184583927555939E-9      3.6634334527828574
2.268711742486584E-9      3.670025908954388
2.3528395574172295E-9     3.6766183651259197
2.4369673723478746E-9     3.683210821297451
2.529906082027975E-9      3.692078122455485
2.622844791708075E-9      3.700945423613518
2.715783501388175E-9      3.709812724771552
2.808722211068275E-9      3.7186800259295856
2.901660920748375E-9      3.727547327087619
3.004333310003815E-9      3.7393806889638066
3.107005699259255E-9      3.7512140508399945
3.209678088514695E-9      3.763047412716182
3.3123504777701346E-9     3.77488077459237
3.4150228670255746E-9     3.7867141364685573
3.5284483659646214E-9     3.80244629719755
3.641873864903668E-9      3.818178457926542
3.755299363842715E-9      3.8339106186555343
3.868724862781761E-9      3.849642779384527
3.982150361720808E-9      3.865374940113519
4.107455167620838E-9      3.886290606412852
4.2327599735208685E-9     3.9072062727121843
4.358064779420899E-9      3.9281219390115174
4.48336958532093E-9       3.94903760531085
4.60867439122096E-9       3.9699532716101826
4.74710265076309E-9       3.997868900180096
4.885530910305219E-9      4.025784528750011
5.023959169847349E-9      4.053700157319923
5.162387429389479E-9      4.081615785889838
5.3008156889316085E-9     4.1095314144597515
5.453741850582991E-9      4.147085118349172
5.606668012234374E-9      4.1846388222385915
5.7595941738857555E-9     4.222192526128012
5.912520335537139E-9      4.2597462300174325
6.065446497188521E-9      4.297299933906852
6.234388958943705E-9      4.34846811841724
6.403331420698887E-9      4.399636302927628
6.57227388245407E-9       4.450804487438016
6.7412163442092536E-9     4.501972671948404
6.910158805964436E-9      4.553140856458792
7.096794990760213E-9      4.624221330530067
7.283431175555989E-9      4.695301804601342
7.470067360351766E-9      4.766382278672616
7.656703545147541E-9      4.837462752743891
7.843339729943318E-9      4.908543226815166
8.049522589119894E-9      5.010023535414161
8.255705448296469E-9      5.111503844013157
8.461888307473043E-9      5.212984152612152
8.66807116664962E-9       5.314464461211148
8.874254025826196E-9      5.415944769810143
9.099403220660955E-9      5.564569080592998
9.324552415495714E-9      5.713193391375851
9.549701610330474E-9      5.861817702158706
9.774850805165232E-9      6.010442012941559
9.999999999999992E-9      6.159066323724414
1.0225149194834752E-8     6.365083835551611
1.045029838966951E-8      6.571101347378809
1.067544758450427E-8      6.7771188592060065
1.0900596779339028E-8     6.983136371033205
1.1125745974173788E-8     7.189153882860403
1.1331928833350368E-8     7.454952033309838
1.1538111692526947E-8     7.720750183759272
1.1744294551703525E-8     7.986548334208708
1.1950477410880106E-8     8.252346484658142
1.2156660270056686E-8     8.518144635107577
1.2343296454852464E-8     8.857773893011407
1.252993263964824E-8      9.197403150915235
1.2716568824444016E-8     9.537032408819064
1.2903205009239795E-8     9.876661666722894
1.308984119403557E-8      10.216290924626723
1.3258783655790755E-8     10.6529468888192
1.3427726117545937E-8     11.089602853011675
1.359666857930112E-8      11.52625881720415
1.3765611041056303E-8     11.962914781396627
1.3934553502811485E-8     12.399570745589102
1.4087479664462868E-8     12.965030662561205
1.4240405826114248E-8     13.530490579533305
1.439333198776563E-8      14.095950496505406
1.4546258149417012E-8     14.661410413477508
1.4699184311068394E-8     15.22687033044961
1.4837612570610523E-8     15.965791549388399
1.4976040830152653E-8     16.704712768327184
1.511446908969478E-8      17.443633987265972
1.525289734923691E-8      18.182555206204757
1.539132560877904E-8      18.921476425143545
1.5516630414679068E-8     19.897682083129403
1.5641935220579097E-8     20.87388774111526
1.576724002647913E-8      21.85009339910112
1.5892544832379157E-8     22.826299057086977
1.6017849638279186E-8     23.802504715072835
1.6131275137218235E-8     25.110229771137664
1.6244700636157284E-8     26.417954827202493
1.635812613509633E-8      27.72567988326732
1.6471551634035378E-8     29.033404939332147
1.6584977132974427E-8     30.341129995396976
1.6687649522229866E-8     32.12189418738272
1.6790321911485305E-8     33.90265837936846
1.6892994300740748E-8     35.6834225713542
1.6995666689996187E-8     37.464186763339946
1.7098339079251626E-8     39.24495095532569
1.7191277788931725E-8     41.71690286854476
1.7284216498611824E-8     44.18885478176382
1.737715520829192E-8      46.66080669498288
1.747009391797202E-8      49.13275860820195
1.756303262765212E-8      51.60471052142101
1.7647160442582766E-8     55.11409400062004
1.773128825751341E-8      58.62347747981906
1.7815416072444053E-8     62.13286095901809
1.7899543887374696E-8     65.64224443821712
1.7983671702305343E-8     69.15162791741614
1.805982392403696E-8      74.27269194560247
1.8135976145768583E-8     79.39375597378881
1.8212128367500202E-8     84.51482000197517
1.8288280589231824E-8     89.6358840301615
1.8364432810963442E-8     94.75694805834785
1.8433365552012273E-8     102.49631296695617
1.8502298293061096E-8     110.23567787556449
1.857123103410993E-8      117.97504278417281
1.8640163775158753E-8     125.71440769278114
1.8709096516207583E-8     133.45377260138946
1.8771494207307272E-8     145.68707340319176
1.883389189840696E-8      157.92037420499406
1.8896289589506644E-8     170.1536750067964
1.8958687280606333E-8     182.3869758085987
1.9021084971706022E-8     194.620276610401
1.9077567156551446E-8     215.14725657793025
1.9134049341396865E-8     235.67423654545945
1.9190531526242286E-8     256.2012165129887
1.9247013711087707E-8     276.7281964805179
1.930349589593313E-8      297.25517644804717
1.9354623384441523E-8     334.7785688772918
1.9405750872949914E-8     372.3019613065364
1.9456878361458308E-8     409.82535373578094
1.95080058499667E-8       447.3487461650256
1.9559133338475093E-8     484.8721385942702
1.9605413772971743E-8     561.2845116929466
1.9651694207468397E-8     637.6968847916228
1.9697974641965047E-8     714.109257890299
1.9744255076461697E-8     790.5216309889754
1.9790535510958347E-8     866.9340040876516
1.9832428408766678E-8     1053.5256156813093
1.987432130657501E-8      1240.1172272749668
1.991621420438334E-8      1426.7088388686243
1.995810710219167E-8      1613.300450462282
2.0E-8                    1799.8920620559395
0                         2.7354262849134563
4.189289780832979E-11     2.7355232502108033
8.378579561665958E-11     2.73562021550815
1.2567869342498936E-10    2.735717180805497
1.6757159123331916E-10    2.7358141461028436
2.0946448904164892E-10    2.7359111114001906
2.5574492353830083E-10    2.736183261261951
3.020253580349527E-10     2.7364554111237123
3.483057925316046E-10     2.7367275609854733
3.945862270282565E-10     2.7369997108472344
4.4086666152490835E-10    2.737271860708995
4.919941500333006E-10     2.737785427263922
5.431216385416927E-10     2.738298993818849
5.942491270500851E-10     2.738812560373776
6.453766155584772E-10     2.739326126928703
6.965041040668695E-10     2.73983969348363
7.529862889122908E-10     2.740674434183034
8.094684737577123E-10     2.7415091748824376
8.659506586031335E-10     2.7423439155818414
9.22432843448555E-10      2.7431786562812452
9.789150282939763E-10     2.744013396980649
1.0413127193936645E-9     2.7452632337170746
1.1037104104933525E-9     2.7465130704535
1.1661081015930407E-9     2.7477629071899257
1.228505792692729E-9      2.7490127439263508
1.290903483792417E-9      2.7502625806627763
1.3598362248412454E-9     2.7520481902473084
1.4287689658900735E-9     2.753833799831841
1.4977017069389018E-9     2.755619409416373
1.5666344479877299E-9     2.757405019000905
1.6355671890365582E-9     2.7591906285854373
1.7117194107681762E-9     2.7616644554985044
1.7878716324997942E-9     2.7641382824115714
1.864023854231412E-9      2.7666121093246376
1.94017607596303E-9       2.769085936237705
2.016328297694648E-9      2.771559763150772
2.1004561126252937E-9     2.7749189722853127
2.184583927555939E-9      2.7782781814198527
2.268711742486584E-9      2.7816373905543936
2.3528395574172295E-9     2.7849965996889336
2.4369673723478746E-9     2.7883558088234746
2.529906082027975E-9      2.792854888488854
2.622844791708075E-9      2.797353968154234
2.715783501388175E-9      2.8018530478196135
2.808722211068275E-9      2.8063521274849927
2.901660920748375E-9      2.810851207150373
3.004333310003815E-9      2.8168211753001122
3.107005699259255E-9      2.8227911434498516
3.209678088514695E-9      2.828761111599591
3.3123504777701346E-9     2.8347310797493304
3.4150228670255746E-9     2.84070104789907
3.5284483659646214E-9     2.84857871266459
3.641873864903668E-9      2.85645637743011
3.755299363842715E-9      2.8643340421956296
3.868724862781761E-9      2.8722117069611492
3.982150361720808E-9      2.880089371726669
4.107455167620838E-9      2.890460082751865
4.2327599735208685E-9     2.9008307937770605
4.358064779420899E-9      2.911201504802256
4.48336958532093E-9       2.921572215827452
4.60867439122096E-9       2.931942926852648
4.74710265076309E-9       2.9456070702989647
4.885530910305219E-9      2.9592712137452812
5.023959169847349E-9      2.9729353571915977
5.162387429389479E-9      2.9865995006379142
5.3008156889316085E-9     3.000263644084231
5.453741850582991E-9      3.018337101770145
5.606668012234374E-9      3.0364105594560593
5.7595941738857555E-9     3.054484017141973
5.912520335537139E-9      3.0725574748278874
6.065446497188521E-9      3.0906309325138013
6.234388958943705E-9      3.1147140152462756
6.403331420698887E-9      3.138797097978749
6.57227388245407E-9       3.1628801807112232
6.7412163442092536E-9     3.186963263443697
6.910158805964436E-9      3.211046346176171
7.096794990760213E-9      3.243523681552659
7.283431175555989E-9      3.276001016929147
7.470067360351766E-9      3.3084783523056345
7.656703545147541E-9      3.3409556876821225
7.843339729943318E-9      3.3734330230586105
8.049522589119894E-9      3.417984672481614
8.255705448296469E-9      3.4625363219046177
8.461888307473043E-9      3.5070879713276213
8.66807116664962E-9       3.551639620750625
8.874254025826196E-9      3.5961912701736285
9.099403220660955E-9      3.6579901436370488
9.324552415495714E-9      3.7197890171004686
9.549701610330474E-9      3.781587890563889
9.774850805165232E-9      3.8433867640273087
9.999999999999992E-9      3.905185637490729
1.0225149194834752E-8     3.9849965220110994
1.045029838966951E-8      4.06480740653147
1.067544758450427E-8      4.14461829105184
1.0900596779339028E-8     4.22442917557221
1.1125745974173788E-8     4.30424006009258
1.1331928833350368E-8     4.39877065092327
1.1538111692526947E-8     4.493301241753959
1.1744294551703525E-8     4.587831832584648
1.1950477410880106E-8     4.682362423415338
1.2156660270056686E-8     4.776893014246027
1.2343296454852464E-8     4.886463137705137
1.252993263964824E-8      4.996033261164246
1.2716568824444016E-8     5.105603384623357
1.2903205009239795E-8     5.215173508082466
1.308984119403557E-8      5.324743631541576
1.3258783655790755E-8     5.450858662354763
1.3427726117545937E-8     5.57697369316795
1.359666857930112E-8      5.703088723981137
1.3765611041056303E-8     5.8292037547943245
1.3934553502811485E-8     5.955318785607512
1.4087479664462868E-8     6.099485393905022
1.4240405826114248E-8     6.243652002202532
1.439333198776563E-8      6.387818610500043
1.4546258149417012E-8     6.531985218797554
1.4699184311068394E-8     6.676151827095064
1.4837612570610523E-8     6.839926433545329
1.4976040830152653E-8     7.003701039995593
1.511446908969478E-8      7.167475646445857
1.525289734923691E-8      7.331250252896122
1.539132560877904E-8      7.495024859346386
1.5516630414679068E-8     7.679959188596267
1.5641935220579097E-8     7.864893517846147
1.576724002647913E-8      8.049827847096028
1.5892544832379157E-8     8.234762176345908
1.6017849638279186E-8     8.41969650559579
1.6131275137218235E-8     8.627380018040752
1.6244700636157284E-8     8.835063530485712
1.635812613509633E-8      9.042747042930674
1.6471551634035378E-8     9.250430555375635
1.6584977132974427E-8     9.458114067820597
1.6687649522229866E-8     9.690047116117665
1.6790321911485305E-8     9.921980164414732
1.6892994300740748E-8     10.1539132127118
1.6995666689996187E-8     10.385846261008867
1.7098339079251626E-8     10.617779309305934
1.7191277788931725E-8     10.875287933052638
1.7284216498611824E-8     11.13279655679934
1.737715520829192E-8      11.390305180546044
1.747009391797202E-8      11.647813804292745
1.756303262765212E-8      11.90532242803945
1.7647160442582766E-8     12.189456997193178
1.773128825751341E-8      12.473591566346908
1.7815416072444053E-8     12.757726135500636
1.7899543887374696E-8     13.041860704654365
1.7983671702305343E-8     13.325995273808095
1.805982392403696E-8      13.637509879304325
1.8135976145768583E-8     13.949024484800553
1.8212128367500202E-8     14.260539090296781
1.8288280589231824E-8     14.572053695793011
1.8364432810963442E-8     14.88356830128924
1.8433365552012273E-8     15.22293559340672
1.8502298293061096E-8     15.5623028855242
1.857123103410993E-8      15.90167017764168
1.8640163775158753E-8     16.241037469759164
1.8709096516207583E-8     16.580404761876643
1.8771494207307272E-8     16.947720084490015
1.883389189840696E-8      17.315035407103384
1.8896289589506644E-8     17.682350729716756
1.8958687280606333E-8     18.049666052330124
1.9021084971706022E-8     18.416981374943497
1.9077567156551446E-8     18.811890230321836
1.9134049341396865E-8     19.206799085700176
1.9190531526242286E-8     19.601707941078516
1.9247013711087707E-8     19.996616796456852
1.930349589593313E-8      20.39152565183519
1.9354623384441523E-8     20.81324688254666
1.9405750872949914E-8     21.234968113258134
1.9456878361458308E-8     21.656689343969603
1.95080058499667E-8       22.078410574681072
1.9559133338475093E-8     22.50013180539254
1.9605413772971743E-8     22.947136926957196
1.9651694207468397E-8     23.39414204852185
1.9697974641965047E-8     23.8411471700865
1.9744255076461697E-8     24.288152291651155
1.9790535510958347E-8     24.735157413215806
1.9832428408766678E-8     25.20507271821029
1.987432130657501E-8      25.67498802320477
1.991621420438334E-8      26.14490332819925
1.995810710219167E-8      26.614818633193728
2.0E-8                    27.08473393818821
0                         7.163145028163075
4.189289780832979E-11     7.163276907649239
8.378579561665958E-11     7.163408787135403
1.2567869342498936E-10    7.163540666621568
1.6757159123331916E-10    7.163672546107732
2.0946448904164892E-10    7.163804425593897
2.5574492353830083E-10    7.16417478487154
3.020253580349527E-10     7.164545144149183
3.483057925316046E-10     7.164915503426826
3.945862270282565E-10     7.1652858627044695
4.4086666152490835E-10    7.165656221982113
4.919941500333006E-10     7.166355945248327
5.431216385416927E-10     7.167055668514541
5.942491270500851E-10     7.167755391780755
6.453766155584772E-10     7.168455115046969
6.965041040668695E-10     7.169154838313183
7.529862889122908E-10     7.170294512249942
8.094684737577123E-10     7.171434186186702
8.659506586031335E-10     7.172573860123461
9.22432843448555E-10      7.173713534060221
9.789150282939763E-10     7.17485320799698
1.0413127193936645E-9     7.176564989646332
1.1037104104933525E-9     7.178276771295682
1.1661081015930407E-9     7.179988552945033
1.228505792692729E-9      7.1817003345943835
1.290903483792417E-9      7.183412116243734
1.3598362248412454E-9     7.185868799747893
1.4287689658900735E-9     7.188325483252051
1.4977017069389018E-9     7.190782166756208
1.5666344479877299E-9     7.193238850260366
1.6355671890365582E-9     7.195695533764524
1.7117194107681762E-9     7.199120457525124
1.7878716324997942E-9     7.202545381285724
1.864023854231412E-9      7.205970305046323
1.94017607596303E-9       7.209395228806922
2.016328297694648E-9      7.212820152567521
2.1004561126252937E-9     7.217510374278972
2.184583927555939E-9      7.222200595990422
2.268711742486584E-9      7.226890817701873
2.3528395574172295E-9     7.231581039413323
2.4369673723478746E-9     7.236271261124774
2.529906082027975E-9      7.2426237895997145
2.622844791708075E-9      7.248976318074655
2.715783501388175E-9      7.255328846549596
2.808722211068275E-9      7.261681375024538
2.901660920748375E-9      7.268033903499479
3.004333310003815E-9      7.276587162963855
3.107005699259255E-9      7.28514042242823
3.209678088514695E-9      7.293693681892606
3.3123504777701346E-9     7.302246941356983
3.4150228670255746E-9     7.310800200821358
3.5284483659646214E-9     7.322300241585763
3.641873864903668E-9      7.3338002823501665
3.755299363842715E-9      7.3453003231145715
3.868724862781761E-9      7.356800363878975
3.982150361720808E-9      7.36830040464338
4.107455167620838E-9      7.383804847307849
4.2327599735208685E-9     7.399309289972319
4.358064779420899E-9      7.414813732636787
4.48336958532093E-9       7.430318175301257
4.60867439122096E-9       7.445822617965725
4.74710265076309E-9       7.466872773729901
4.885530910305219E-9      7.487922929494076
5.023959169847349E-9      7.508973085258251
5.162387429389479E-9      7.530023241022425
5.3008156889316085E-9     7.551073396786601
5.453741850582991E-9      7.579977980571045
5.606668012234374E-9      7.60888256435549
5.7595941738857555E-9     7.6377871481399335
5.912520335537139E-9      7.666691731924379
6.065446497188521E-9      7.695596315708823
6.234388958943705E-9      7.735941595075695
6.403331420698887E-9      7.776286874442565
6.57227388245407E-9       7.8166321538094365
6.7412163442092536E-9     7.856977433176308
6.910158805964436E-9      7.897322712543179
7.096794990760213E-9      7.954949716653525
7.283431175555989E-9      8.012576720763871
7.470067360351766E-9      8.070203724874215
7.656703545147541E-9      8.127830728984561
7.843339729943318E-9      8.185457733094907
8.049522589119894E-9      8.270336095682211
8.255705448296469E-9      8.355214458269513
8.461888307473043E-9      8.440092820856817
8.66807116664962E-9       8.52497118344412
8.874254025826196E-9      8.609849546031423
9.099403220660955E-9      8.7384028609286
9.324552415495714E-9      8.866956175825777
9.549701610330474E-9      8.995509490722954
9.774850805165232E-9      9.124062805620131
9.999999999999992E-9      9.252616120517308
1.0225149194834752E-8     9.436702846259857
1.045029838966951E-8      9.620789572002407
1.067544758450427E-8      9.804876297744956
1.0900596779339028E-8     9.988963023487505
1.1125745974173788E-8     10.173049749230055
1.1331928833350368E-8     10.41723279275363
1.1538111692526947E-8     10.661415836277206
1.1744294551703525E-8     10.905598879800781
1.1950477410880106E-8     11.149781923324355
1.2156660270056686E-8     11.393964966847932
1.2343296454852464E-8     11.712859281741924
1.252993263964824E-8      12.031753596635916
1.2716568824444016E-8     12.350647911529904
1.2903205009239795E-8     12.669542226423896
1.308984119403557E-8      12.988436541317888
1.3258783655790755E-8     13.405430497440324
1.3427726117545937E-8     13.822424453562759
1.359666857930112E-8      14.239418409685193
1.3765611041056303E-8     14.656412365807629
1.3934553502811485E-8     15.073406321930063
1.4087479664462868E-8     15.620379780194671
1.4240405826114248E-8     16.167353238459278
1.439333198776563E-8      16.714326696723884
1.4546258149417012E-8     17.26130015498849
1.4699184311068394E-8     17.808273613253096
1.4837612570610523E-8     18.52993620413067
1.4976040830152653E-8     19.251598795008242
1.511446908969478E-8      19.973261385885813
1.525289734923691E-8      20.694923976763388
1.539132560877904E-8      21.41658656764096
1.5516630414679068E-8     22.37678870420795
1.5641935220579097E-8     23.336990840774938
1.576724002647913E-8      24.297192977341922
1.5892544832379157E-8     25.257395113908913
1.6017849638279186E-8     26.2175972504759
1.6131275137218235E-8     27.5105914133541
1.6244700636157284E-8     28.803585576232287
1.635812613509633E-8      30.09657973911048
1.6471551634035378E-8     31.389573901988676
1.6584977132974427E-8     32.68256806486687
1.6687649522229866E-8     34.44991078820745
1.6790321911485305E-8     36.21725351154802
1.6892994300740748E-8     37.9845962348886
1.6995666689996187E-8     39.751938958229175
1.7098339079251626E-8     41.51928168156975
1.7191277788931725E-8     43.979217874756046
1.7284216498611824E-8     46.43915406794234
1.737715520829192E-8      48.899090261128634
1.747009391797202E-8      51.35902645431493
1.756303262765212E-8      53.81896264750122
1.7647160442582766E-8     57.317972788745216
1.773128825751341E-8      60.816982929989194
1.7815416072444053E-8     64.3159930712332
1.7899543887374696E-8     67.81500321247718
1.7983671702305343E-8     71.31401335372117
1.805982392403696E-8      76.42687816115694
1.8135976145768583E-8     81.53974296859269
1.8212128367500202E-8     86.65260777602843
1.8288280589231824E-8     91.7654725834642
1.8364432810963442E-8     96.87833739089994
1.8433365552012273E-8     104.61280711245338
1.8502298293061096E-8     112.34727683400679
1.857123103410993E-8      120.08174655556022
1.8640163775158753E-8     127.81621627711365
1.8709096516207583E-8     135.55068599866706
1.8771494207307272E-8     147.7849102940977
1.883389189840696E-8      160.01913458952828
1.8896289589506644E-8     172.25335888495889
1.8958687280606333E-8     184.4875831803895
1.9021084971706022E-8     196.7218074758201
1.9077567156551446E-8     217.26166718637432
1.9134049341396865E-8     237.80152689692852
1.9190531526242286E-8     258.3413866074827
1.9247013711087707E-8     278.8812463180369
1.930349589593313E-8      299.42110602859117
1.9354623384441523E-8     336.98634179213013
1.9405750872949914E-8     374.55157755566916
1.9456878361458308E-8     412.1168133192081
1.95080058499667E-8       449.68204908274714
1.9559133338475093E-8     487.2472848462861
1.9605413772971743E-8     563.7870362755616
1.9651694207468397E-8     640.326787704837
1.9697974641965047E-8     716.8665391341124
1.9744255076461697E-8     793.4062905633879
1.9790535510958347E-8     869.9460419926633
1.9832428408766678E-8     1056.992256741063
1.987432130657501E-8      1244.038471489463
1.991621420438334E-8      1431.084686237863
1.995810710219167E-8      1618.1309009862628
2.0E-8                    1805.1771157346627
0                         10.15771324031623
4.189289780832979E-11     10.157747460154166
8.378579561665958E-11     10.157781679992102
1.2567869342498936E-10    10.157815899830037
1.6757159123331916E-10    10.157850119667975
2.0946448904164892E-10    10.15788433950591
2.5574492353830083E-10    10.157980485382193
3.020253580349527E-10     10.158076631258474
3.483057925316046E-10     10.158172777134757
3.945862270282565E-10     10.158268923011038
4.4086666152490835E-10    10.15836506888732
4.919941500333006E-10     10.158546868027921
5.431216385416927E-10     10.158728667168521
5.942491270500851E-10     10.158910466309122
6.453766155584772E-10     10.159092265449722
6.965041040668695E-10     10.159274064590322
7.529862889122908E-10     10.159570564576832
8.094684737577123E-10     10.159867064563343
8.659506586031335E-10     10.160163564549851
9.22432843448555E-10      10.160460064536363
9.789150282939763E-10     10.160756564522872
1.0413127193936645E-9     10.161202809331748
1.1037104104933525E-9     10.161649054140625
1.1661081015930407E-9     10.162095298949499
1.228505792692729E-9      10.162541543758376
1.290903483792417E-9      10.162987788567252
1.3598362248412454E-9     10.163630078951515
1.4287689658900735E-9     10.164272369335777
1.4977017069389018E-9     10.16491465972004
1.5666344479877299E-9     10.165556950104301
1.6355671890365582E-9     10.166199240488565
1.7117194107681762E-9     10.167098222615463
1.7878716324997942E-9     10.16799720474236
1.864023854231412E-9      10.168896186869258
1.94017607596303E-9       10.169795168996156
2.016328297694648E-9      10.170694151123053
2.1004561126252937E-9     10.171931750685088
2.184583927555939E-9      10.173169350247122
2.268711742486584E-9      10.174406949809157
2.3528395574172295E-9     10.175644549371189
2.4369673723478746E-9     10.176882148933224
2.529906082027975E-9      10.178569871323871
2.622844791708075E-9      10.18025759371452
2.715783501388175E-9      10.181945316105168
2.808722211068275E-9      10.183633038495817
2.901660920748375E-9      10.185320760886464
3.004333310003815E-9      10.18761293420578
3.107005699259255E-9      10.189905107525096
3.209678088514695E-9      10.192197280844411
3.3123504777701346E-9     10.194489454163726
3.4150228670255746E-9     10.196781627483043
3.5284483659646214E-9     10.199896764072987
3.641873864903668E-9      10.203011900662931
3.755299363842715E-9      10.206127037252875
3.868724862781761E-9      10.209242173842817
3.982150361720808E-9      10.212357310432763
4.107455167620838E-9      10.21661209052899
4.2327599735208685E-9     10.220866870625217
4.358064779420899E-9      10.225121650721443
4.48336958532093E-9       10.22937643081767
4.60867439122096E-9       10.233631210913897
4.74710265076309E-9       10.23949703390426
4.885530910305219E-9      10.245362856894623
5.023959169847349E-9      10.251228679884985
5.162387429389479E-9      10.257094502875347
5.3008156889316085E-9     10.262960325865711
5.453741850582991E-9      10.271156725204307
5.606668012234374E-9      10.279353124542904
5.7595941738857555E-9     10.287549523881498
5.912520335537139E-9      10.295745923220096
6.065446497188521E-9      10.303942322558692
6.234388958943705E-9      10.315602857509983
6.403331420698887E-9      10.327263392461276
6.57227388245407E-9       10.338923927412566
6.7412163442092536E-9     10.350584462363859
6.910158805964436E-9      10.36224499731515
7.096794990760213E-9      10.379227374942204
7.283431175555989E-9      10.396209752569257
7.470067360351766E-9      10.413192130196311
7.656703545147541E-9      10.430174507823365
7.843339729943318E-9      10.447156885450418
8.049522589119894E-9      10.472612333908991
8.255705448296469E-9      10.49806778236756
8.461888307473043E-9      10.523523230826132
8.66807116664962E-9       10.548978679284703
8.874254025826196E-9      10.574434127743274
9.099403220660955E-9      10.61343205774857
9.324552415495714E-9      10.652429987753862
9.549701610330474E-9      10.691427917759157
9.774850805165232E-9      10.730425847764451
9.999999999999992E-9      10.769423777769745
1.0225149194834752E-8     10.825202865293859
1.045029838966951E-8      10.880981952817969
1.067544758450427E-8      10.936761040342082
1.0900596779339028E-8     10.992540127866192
1.1125745974173788E-8     11.048319215390306
1.1331928833350368E-8     11.120924138177992
1.1538111692526947E-8     11.19352906096568
1.1744294551703525E-8     11.266133983753367
1.1950477410880106E-8     11.338738906541053
1.2156660270056686E-8     11.41134382932874
1.2343296454852464E-8     11.502647830839878
1.252993263964824E-8      11.593951832351017
1.2716568824444016E-8     11.685255833862154
1.2903205009239795E-8     11.776559835373293
1.308984119403557E-8      11.867863836884432
1.3258783655790755E-8     11.980600085030899
1.3427726117545937E-8     12.093336333177366
1.359666857930112E-8      12.20607258132383
1.3765611041056303E-8     12.3188088294703
1.3934553502811485E-8     12.431545077616764
1.4087479664462868E-8     12.568410380439378
1.4240405826114248E-8     12.705275683261988
1.439333198776563E-8      12.842140986084601
1.4546258149417012E-8     12.979006288907213
1.4699184311068394E-8     13.115871591729826
1.4837612570610523E-8     13.279608656395206
1.4976040830152653E-8     13.443345721060586
1.511446908969478E-8      13.607082785725966
1.525289734923691E-8      13.770819850391346
1.539132560877904E-8      13.934556915056726
1.5516630414679068E-8     14.127927917573178
1.5641935220579097E-8     14.321298920089632
1.576724002647913E-8      14.514669922606082
1.5892544832379157E-8     14.708040925122535
1.6017849638279186E-8     14.901411927638987
1.6131275137218235E-8     15.127290241817423
1.6244700636157284E-8     15.353168555995856
1.635812613509633E-8      15.579046870174292
1.6471551634035378E-8     15.804925184352726
1.6584977132974427E-8     16.03080349853116
1.6687649522229866E-8     16.292055633399663
1.6790321911485305E-8     16.553307768268162
1.6892994300740748E-8     16.81455990313667
1.6995666689996187E-8     17.075812038005168
1.7098339079251626E-8     17.33706417287367
1.7191277788931725E-8     17.63646672574697
1.7284216498611824E-8     17.935869278620267
1.737715520829192E-8      18.235271831493563
1.747009391797202E-8      18.534674384366863
1.756303262765212E-8      18.834076937240162
1.7647160442582766E-8     19.174196410813057
1.773128825751341E-8      19.514315884385944
1.7815416072444053E-8     19.854435357958838
1.7899543887374696E-8     20.19455483153173
1.7983671702305343E-8     20.534674305104623
1.805982392403696E-8      20.91784104011417
1.8135976145768583E-8     21.301007775123715
1.8212128367500202E-8     21.684174510133253
1.8288280589231824E-8     22.067341245142803
1.8364432810963442E-8     22.450507980152345
1.8433365552012273E-8     22.878825147592586
1.8502298293061096E-8     23.30714231503282
1.857123103410993E-8      23.735459482473058
1.8640163775158753E-8     24.163776649913295
1.8709096516207583E-8     24.592093817353533
1.8771494207307272E-8     25.067284301867108
1.883389189840696E-8      25.54247478638068
1.8896289589506644E-8     26.017665270894256
1.8958687280606333E-8     26.492855755407824
1.9021084971706022E-8     26.9680462399214
1.9077567156551446E-8     27.491315028347064
1.9134049341396865E-8     28.014583816772728
1.9190531526242286E-8     28.537852605198392
1.9247013711087707E-8     29.06112139362406
1.930349589593313E-8      29.584390182049724
1.9354623384441523E-8     30.15640831188646
1.9405750872949914E-8     30.728426441723194
1.9456878361458308E-8     31.30044457155993
1.95080058499667E-8       31.872462701396664
1.9559133338475093E-8     32.4444808312334
1.9605413772971743E-8     33.06481247378556
1.9651694207468397E-8     33.68514411633771
1.9697974641965047E-8     34.30547575888987
1.9744255076461697E-8     34.92580740144202
1.9790535510958347E-8     35.54613904399418
1.9832428408766678E-8     36.21295309451188
1.987432130657501E-8      36.87976714502958
1.991621420438334E-8      37.54658119554728
1.995810710219167E-8      38.213395246064984
2.0E-8                    38.880209296582684
0                         94.23235347142072
4.189289780832979E-11     94.23235379563447
8.378579561665958E-11     94.23235411984818
1.2567869342498936E-10    94.23235444406191
1.6757159123331916E-10    94.23235476827564
2.0946448904164892E-10    94.23235509248937
2.5574492353830083E-10    94.23235596226299
3.020253580349527E-10     94.23235683203657
3.483057925316046E-10     94.23235770181019
3.945862270282565E-10     94.23235857158377
4.4086666152490835E-10    94.23235944135739
4.919941500333006E-10     94.2323610374394
5.431216385416927E-10     94.23236263352143
5.942491270500851E-10     94.23236422960343
6.453766155584772E-10     94.23236582568546
6.965041040668695E-10     94.23236742176748
7.529862889122908E-10     94.23237003137133
8.094684737577123E-10     94.2323726409752
8.659506586031335E-10     94.23237525057905
9.22432843448555E-10      94.23237786018291
9.789150282939763E-10     94.23238046978676
1.0413127193936645E-9     94.23238437773027
1.1037104104933525E-9     94.23238828567376
1.1661081015930407E-9     94.23239219361726
1.228505792692729E-9      94.23239610156077
1.290903483792417E-9      94.23240000950426
1.3598362248412454E-9     94.23240560246522
1.4287689658900735E-9     94.23241119542617
1.4977017069389018E-9     94.23241678838713
1.5666344479877299E-9     94.23242238134807
1.6355671890365582E-9     94.23242797430903
1.7117194107681762E-9     94.23243576062477
1.7878716324997942E-9     94.23244354694049
1.864023854231412E-9      94.23245133325621
1.94017607596303E-9       94.23245911957194
2.016328297694648E-9      94.23246690588766
2.1004561126252937E-9     94.23247757270833
2.184583927555939E-9      94.23248823952899
2.268711742486584E-9      94.23249890634966
2.3528395574172295E-9     94.23250957317032
2.4369673723478746E-9     94.23252023999099
2.529906082027975E-9      94.23253473058428
2.622844791708075E-9      94.23254922117755
2.715783501388175E-9      94.23256371177082
2.808722211068275E-9      94.23257820236411
2.901660920748375E-9      94.23259269295738
3.004333310003815E-9      94.23261234578472
3.107005699259255E-9      94.23263199861202
3.209678088514695E-9      94.23265165143937
3.3123504777701346E-9     94.23267130426667
3.4150228670255746E-9     94.23269095709401
3.5284483659646214E-9     94.23271778914777
3.641873864903668E-9      94.23274462120153
3.755299363842715E-9      94.23277145325528
3.868724862781761E-9      94.23279828530904
3.982150361720808E-9      94.2328251173628
4.107455167620838E-9      94.23286240726956
4.2327599735208685E-9     94.23289969717632
4.358064779420899E-9      94.2329369870831
4.48336958532093E-9       94.23297427698984
4.60867439122096E-9       94.23301156689661
4.74710265076309E-9       94.23306521505086
4.885530910305219E-9      94.2331188632051
5.023959169847349E-9      94.23317251135933
5.162387429389479E-9      94.23322615951359
5.3008156889316085E-9     94.23327980766783
5.453741850582991E-9      94.23336176487287
5.606668012234374E-9      94.2334437220779
5.7595941738857555E-9     94.23352567928293
5.912520335537139E-9      94.23360763648796
6.065446497188521E-9      94.233689593693
6.234388958943705E-9      94.23382765684386
6.403331420698887E-9      94.2339657199947
6.57227388245407E-9       94.23410378314556
6.7412163442092536E-9     94.2342418462964
6.910158805964436E-9      94.23437990944726
7.096794990760213E-9      94.23464909026512
7.283431175555989E-9      94.23491827108299
7.470067360351766E-9      94.23518745190084
7.656703545147541E-9      94.23545663271872
7.843339729943318E-9      94.23572581353658
8.049522589119894E-9      94.23635921920737
8.255705448296469E-9      94.23699262487814
8.461888307473043E-9      94.23762603054892
8.66807116664962E-9       94.2382594362197
8.874254025826196E-9      94.23889284189049
9.099403220660955E-9      94.24069250658208
9.324552415495714E-9      94.24249217127365
9.549701610330474E-9      94.24429183596524
9.774850805165232E-9      94.2460915006568
9.999999999999992E-9      94.24789116534839
1.0225149194834752E-8     94.25312159990729
1.045029838966951E-8      94.25835203446618
1.067544758450427E-8      94.26358246902507
1.0900596779339028E-8     94.26881290358396
1.1125745974173788E-8     94.27404333814285
1.1331928833350368E-8     94.28766705517674
1.1538111692526947E-8     94.30129077221062
1.1744294551703525E-8     94.3149144892445
1.1950477410880106E-8     94.32853820627838
1.2156660270056686E-8     94.34216192331228
1.2343296454852464E-8     94.37430498329117
1.252993263964824E-8      94.40644804327006
1.2716568824444016E-8     94.43859110324895
1.2903205009239795E-8     94.47073416322785
1.308984119403557E-8      94.50287722320674
1.3258783655790755E-8     94.5726269398129
1.3427726117545937E-8     94.64237665641906
1.359666857930112E-8      94.71212637302523
1.3765611041056303E-8     94.7818760896314
1.3934553502811485E-8     94.85162580623755
1.4087479664462868E-8     94.99149007227703
1.4240405826114248E-8     95.13135433831648
1.439333198776563E-8      95.27121860435595
1.4546258149417012E-8     95.41108287039542
1.4699184311068394E-8     95.55094713643489
1.4837612570610523E-8     95.81239169239728
1.4976040830152653E-8     96.07383624835964
1.511446908969478E-8      96.33528080432203
1.525289734923691E-8      96.59672536028441
1.539132560877904E-8      96.8581699162468
1.5516630414679068E-8     97.31829357020132
1.5641935220579097E-8     97.77841722415582
1.576724002647913E-8      98.23854087811034
1.5892544832379157E-8     98.69866453206485
1.6017849638279186E-8     99.15878818601936
1.6131275137218235E-8     99.93029525746891
1.6244700636157284E-8     100.70180232891843
1.635812613509633E-8      101.47330940036795
1.6471551634035378E-8     102.24481647181749
1.6584977132974427E-8     103.01632354326702
1.6687649522229866E-8     104.26261635740536
1.6790321911485305E-8     105.50890917154369
1.6892994300740748E-8     106.75520198568204
1.6995666689996187E-8     108.00149479982036
1.7098339079251626E-8     109.2477876139587
1.7191277788931725E-8     111.21028021535369
1.7284216498611824E-8     113.17277281674868
1.737715520829192E-8      115.13526541814365
1.747009391797202E-8      117.09775801953863
1.756303262765212E-8      119.0602506209336
1.7647160442582766E-8     122.10914456788348
1.773128825751341E-8      125.15803851483334
1.7815416072444053E-8     128.2069324617832
1.7899543887374696E-8     131.25582640873307
1.7983671702305343E-8     134.30472035568292
1.805982392403696E-8      139.04111923760314
1.8135976145768583E-8     143.77751811952334
1.8212128367500202E-8     148.51391700144353
1.8288280589231824E-8     153.25031588336375
1.8364432810963442E-8     157.98671476528395
1.8433365552012273E-8     165.4549803249319
1.8502298293061096E-8     172.9232458845799
1.857123103410993E-8      180.39151144422783
1.8640163775158753E-8     187.85977700387582
1.8709096516207583E-8     195.32804256352375
1.8771494207307272E-8     207.47501760410364
1.883389189840696E-8      219.6219926446835
1.8896289589506644E-8     231.7689676852634
1.8958687280606333E-8     243.91594272584325
1.9021084971706022E-8     256.06291776642314
1.9077567156551446E-8     276.8562681916371
1.9134049341396865E-8     297.6496186168511
1.9190531526242286E-8     318.4429690420651
1.9247013711087707E-8     339.2363194672791
1.930349589593313E-8      360.0296698924931
1.9354623384441523E-8     398.6399288190109
1.9405750872949914E-8     437.2501877455287
1.9456878361458308E-8     475.86044667204646
1.95080058499667E-8       514.4707055985643
1.9559133338475093E-8     553.0809645250821
1.9605413772971743E-8     632.9756879750328
1.9651694207468397E-8     712.8704114249836
1.9697974641965047E-8     792.7651348749342
1.9744255076461697E-8     872.659858324885
1.9790535510958347E-8     952.5545817748357
1.9832428408766678E-8     1151.8604029613575
1.987432130657501E-8      1351.1662241478793
1.991621420438334E-8      1550.4720453344012
1.995810710219167E-8      1749.7778665209232
2.0E-8                    1949.083687707445
0                         100.09109133435224
4.189289780832979E-11     100.09109133668099
8.378579561665958E-11     100.09109133900974
1.2567869342498936E-10    100.09109134133847
1.6757159123331916E-10    100.09109134366723
2.0946448904164892E-10    100.09109134599596
2.5574492353830083E-10    100.09109135240128
3.020253580349527E-10     100.09109135880655
3.483057925316046E-10     100.09109136521187
3.945862270282565E-10     100.09109137161715
4.4086666152490835E-10    100.09109137802245
4.919941500333006E-10     100.09109139005429
5.431216385416927E-10     100.09109140208611
5.942491270500851E-10     100.09109141411794
6.453766155584772E-10     100.09109142614976
6.965041040668695E-10     100.09109143818159
7.529862889122908E-10     100.09109145823908
8.094684737577123E-10     100.09109147829656
8.659506586031335E-10     100.09109149835405
9.22432843448555E-10      100.09109151841155
9.789150282939763E-10     100.09109153846903
1.0413127193936645E-9     100.0910915695211
1.1037104104933525E-9     100.09109160057317
1.1661081015930407E-9     100.09109163162523
1.228505792692729E-9      100.0910916626773
1.290903483792417E-9      100.09109169372937
1.3598362248412454E-9     100.09109174031786
1.4287689658900735E-9     100.09109178690633
1.4977017069389018E-9     100.09109183349483
1.5666344479877299E-9     100.09109188008331
1.6355671890365582E-9     100.0910919266718
1.7117194107681762E-9     100.09109199603807
1.7878716324997942E-9     100.09109206540433
1.864023854231412E-9      100.0910921347706
1.94017607596303E-9       100.09109220413687
2.016328297694648E-9      100.09109227350315
2.1004561126252937E-9     100.09109237766256
2.184583927555939E-9      100.09109248182197
2.268711742486584E-9      100.09109258598137
2.3528395574172295E-9     100.0910926901408
2.4369673723478746E-9     100.0910927943002
2.529906082027975E-9      100.09109295439798
2.622844791708075E-9      100.09109311449575
2.715783501388175E-9      100.09109327459353
2.808722211068275E-9      100.09109343469129
2.901660920748375E-9      100.09109359478907
3.004333310003815E-9      100.09109385039356
3.107005699259255E-9      100.09109410599805
3.209678088514695E-9      100.09109436160254
3.3123504777701346E-9     100.09109461720703
3.4150228670255746E-9     100.09109487281152
3.5284483659646214E-9     100.09109530325873
3.641873864903668E-9      100.09109573370591
3.755299363842715E-9      100.0910961641531
3.868724862781761E-9      100.09109659460032
3.982150361720808E-9      100.0910970250475
4.107455167620838E-9      100.09109780114244
4.2327599735208685E-9     100.09109857723735
4.358064779420899E-9      100.09109935333228
4.48336958532093E-9       100.09110012942722
4.60867439122096E-9       100.09110090552214
4.74710265076309E-9       100.0911024245036
4.885530910305219E-9      100.09110394348505
5.023959169847349E-9      100.0911054624665
5.162387429389479E-9      100.09110698144796
5.3008156889316085E-9     100.09110850042941
5.453741850582991E-9      100.09111176341727
5.606668012234374E-9      100.09111502640513
5.7595941738857555E-9     100.091118289393
5.912520335537139E-9      100.09112155238084
6.065446497188521E-9      100.0911248153687
6.234388958943705E-9      100.09113258255726
6.403331420698887E-9      100.09114034974583
6.57227388245407E-9       100.09114811693439
6.7412163442092536E-9     100.09115588412295
6.910158805964436E-9      100.09116365131152
7.096794990760213E-9      100.09118436101201
7.283431175555989E-9      100.09120507071249
7.470067360351766E-9      100.09122578041298
7.656703545147541E-9      100.09124649011346
7.843339729943318E-9      100.09126719981396
8.049522589119894E-9      100.09132958123382
8.255705448296469E-9      100.09139196265369
8.461888307473043E-9      100.09145434407354
8.66807116664962E-9       100.09151672549342
8.874254025826196E-9      100.09157910691327
9.099403220660955E-9      100.09178924090921
9.324552415495714E-9      100.09199937490511
9.549701610330474E-9      100.09220950890105
9.774850805165232E-9      100.09241964289697
9.999999999999992E-9      100.09262977689289
1.0225149194834752E-8     100.0933079766467
1.045029838966951E-8      100.0939861764005
1.067544758450427E-8      100.0946643761543
1.0900596779339028E-8     100.09534257590812
1.1125745974173788E-8     100.09602077566191
1.1331928833350368E-8     100.09790464288577
1.1538111692526947E-8     100.09978851010959
1.1744294551703525E-8     100.10167237733341
1.1950477410880106E-8     100.10355624455727
1.2156660270056686E-8     100.10544011178109
1.2343296454852464E-8     100.11008353030184
1.252993263964824E-8      100.11472694882256
1.2716568824444016E-8     100.11937036734331
1.2903205009239795E-8     100.12401378586404
1.308984119403557E-8      100.12865720438478
1.3258783655790755E-8     100.13906551244371
1.3427726117545937E-8     100.14947382050264
1.359666857930112E-8      100.15988212856155
1.3765611041056303E-8     100.17029043662048
1.3934553502811485E-8     100.1806987446794
1.4087479664462868E-8     100.20208031139103
1.4240405826114248E-8     100.22346187810265
1.439333198776563E-8      100.24484344481428
1.4546258149417012E-8     100.2662250115259
1.4699184311068394E-8     100.28760657823753
1.4837612570610523E-8     100.32821826118094
1.4976040830152653E-8     100.36882994412436
1.511446908969478E-8      100.40944162706776
1.525289734923691E-8      100.45005331001119
1.539132560877904E-8      100.49066499295459
1.5516630414679068E-8     100.56257842939112
1.5641935220579097E-8     100.63449186582764
1.576724002647913E-8      100.70640530226416
1.5892544832379157E-8     100.77831873870068
1.6017849638279186E-8     100.8502321751372
1.6131275137218235E-8     100.96999889797705
1.6244700636157284E-8     101.08976562081688
1.635812613509633E-8      101.20953234365672
1.6471551634035378E-8     101.32929906649656
1.6584977132974427E-8     101.4490657893364
1.6687649522229866E-8     101.63795720205884
1.6790321911485305E-8     101.82684861478127
1.6892994300740748E-8     102.01574002750371
1.6995666689996187E-8     102.20463144022614
1.7098339079251626E-8     102.39352285294858
1.7191277788931725E-8     102.67744399000004
1.7284216498611824E-8     102.9613651270515
1.737715520829192E-8      103.24528626410296
1.747009391797202E-8      103.52920740115442
1.756303262765212E-8      103.81312853820587
1.7647160442582766E-8     104.22220014953767
1.773128825751341E-8      104.63127176086945
1.7815416072444053E-8     105.04034337220125
1.7899543887374696E-8     105.44941498353302
1.7983671702305343E-8     105.85848659486481
1.805982392403696E-8      106.42678531734379
1.8135976145768583E-8     106.99508403982276
1.8212128367500202E-8     107.56338276230173
1.8288280589231824E-8     108.13168148478069
1.8364432810963442E-8     108.69998020725966
1.8433365552012273E-8     109.46561776639486
1.8502298293061096E-8     110.23125532553006
1.857123103410993E-8      110.99689288466526
1.8640163775158753E-8     111.76253044380046
1.8709096516207583E-8     112.52816800293566
1.8771494207307272E-8     113.53338488600143
1.883389189840696E-8      114.53860176906721
1.8896289589506644E-8     115.54381865213298
1.8958687280606333E-8     116.54903553519877
1.9021084971706022E-8     117.55425241826454
1.9077567156551446E-8     118.84590142422732
1.9134049341396865E-8     120.1375504301901
1.9190531526242286E-8     121.42919943615289
1.9247013711087707E-8     122.72084844211567
1.930349589593313E-8      124.01249744807845
1.9354623384441523E-8     125.64326371944775
1.9405750872949914E-8     127.27402999081703
1.9456878361458308E-8     128.90479626218632
1.95080058499667E-8       130.5355625335556
1.9559133338475093E-8     132.1663288049249
1.9605413772971743E-8     134.1931057813658
1.9651694207468397E-8     136.21988275780672
1.9697974641965047E-8     138.24665973424763
1.9744255076461697E-8     140.27343671068854
1.9790535510958347E-8     142.30021368712946
1.9832428408766678E-8     144.78225112289428
1.987432130657501E-8      147.26428855865908
1.991621420438334E-8      149.7463259944239
1.995810710219167E-8      152.2283634301887
2.0E-8                    154.71040086595352
0                         991.9085814230076
4.189289780832979E-11     991.9085820413428
8.378579561665958E-11     991.9085826596779
1.2567869342498936E-10    991.9085832780129
1.6757159123331916E-10    991.9085838963481
2.0946448904164892E-10    991.9085845146832
2.5574492353830083E-10    991.9085861714816
3.020253580349527E-10     991.9085878282797
3.483057925316046E-10     991.9085894850781
3.945862270282565E-10     991.9085911418763
4.4086666152490835E-10    991.9085927986746
4.919941500333006E-10     991.908595833506
5.431216385416927E-10     991.9085988683372
5.942491270500851E-10     991.9086019031683
6.453766155584772E-10     991.9086049379997
6.965041040668695E-10     991.908607972831
7.529862889122908E-10     991.9086129299989
8.094684737577123E-10     991.9086178871667
8.659506586031335E-10     991.9086228443344
9.22432843448555E-10      991.9086278015022
9.789150282939763E-10     991.9086327586701
1.0413127193936645E-9     991.9086401664775
1.1037104104933525E-9     991.9086475742849
1.1661081015930407E-9     991.9086549820922
1.228505792692729E-9      991.9086623898997
1.290903483792417E-9      991.9086697977071
1.3598362248412454E-9     991.9086803597688
1.4287689658900735E-9     991.9086909218304
1.4977017069389018E-9     991.908701483892
1.5666344479877299E-9     991.9087120459536
1.6355671890365582E-9     991.9087226080152
1.7117194107681762E-9     991.908737241067
1.7878716324997942E-9     991.9087518741188
1.864023854231412E-9      991.9087665071706
1.94017607596303E-9       991.9087811402223
2.016328297694648E-9      991.9087957732742
2.1004561126252937E-9     991.9088156689133
2.184583927555939E-9      991.9088355645524
2.268711742486584E-9      991.9088554601916
2.3528395574172295E-9     991.9088753558307
2.4369673723478746E-9     991.9088952514699
2.529906082027975E-9      991.9089219660352
2.622844791708075E-9      991.9089486806006
2.715783501388175E-9      991.9089753951658
2.808722211068275E-9      991.9090021097313
2.901660920748375E-9      991.9090288242966
3.004333310003815E-9      991.9090644051089
3.107005699259255E-9      991.9090999859211
3.209678088514695E-9      991.9091355667334
3.3123504777701346E-9     991.9091711475457
3.4150228670255746E-9     991.909206728358
3.5284483659646214E-9     991.9092539313745
3.641873864903668E-9      991.9093011343908
3.755299363842715E-9      991.9093483374073
3.868724862781761E-9      991.9093955404237
3.982150361720808E-9      991.9094427434402
4.107455167620838E-9      991.9095053497292
4.2327599735208685E-9     991.9095679560181
4.358064779420899E-9      991.909630562307
4.48336958532093E-9       991.909693168596
4.60867439122096E-9       991.909755774885
4.74710265076309E-9       991.9098391133214
4.885530910305219E-9      991.9099224517577
5.023959169847349E-9      991.910005790194
5.162387429389479E-9      991.9100891286303
5.3008156889316085E-9     991.9101724670666
5.453741850582991E-9      991.9102842407663
5.606668012234374E-9      991.9103960144657
5.7595941738857555E-9     991.9105077881654
5.912520335537139E-9      991.9106195618649
6.065446497188521E-9      991.9107313355645
6.234388958943705E-9      991.9108830782802
6.403331420698887E-9      991.9110348209957
6.57227388245407E-9       991.9111865637112
6.7412163442092536E-9     991.9113383064268
6.910158805964436E-9      991.9114900491425
7.096794990760213E-9      991.9116997742815
7.283431175555989E-9      991.9119094994203
7.470067360351766E-9      991.9121192245592
7.656703545147541E-9      991.9123289496981
7.843339729943318E-9      991.912538674837
8.049522589119894E-9      991.9128358379144
8.255705448296469E-9      991.9131330009916
8.461888307473043E-9      991.9134301640688
8.66807116664962E-9       991.913727327146
8.874254025826196E-9      991.9140244902233
9.099403220660955E-9      991.9144582725584
9.324552415495714E-9      991.9148920548934
9.549701610330474E-9      991.9153258372285
9.774850805165232E-9      991.9157596195633
9.999999999999992E-9      991.9161934018985
1.0225149194834752E-8     991.9167943634484
1.045029838966951E-8      991.9173953249983
1.067544758450427E-8      991.9179962865483
1.0900596779339028E-8     991.9185972480982
1.1125745974173788E-8     991.9191982096481
1.1331928833350368E-8     991.9199699605392
1.1538111692526947E-8     991.9207417114302
1.1744294551703525E-8     991.9215134623212
1.1950477410880106E-8     991.9222852132123
1.2156660270056686E-8     991.9230569641032
1.2343296454852464E-8     991.924032506746
1.252993263964824E-8      991.9250080493886
1.2716568824444016E-8     991.9259835920312
1.2903205009239795E-8     991.9269591346739
1.308984119403557E-8      991.9279346773166
1.3258783655790755E-8     991.9291735088592
1.3427726117545937E-8     991.9304123404017
1.359666857930112E-8      991.9316511719444
1.3765611041056303E-8     991.9328900034869
1.3934553502811485E-8     991.9341288350296
1.4087479664462868E-8     991.9356993306584
1.4240405826114248E-8     991.9372698262871
1.439333198776563E-8      991.9388403219159
1.4546258149417012E-8     991.9404108175447
1.4699184311068394E-8     991.9419813131734
1.4837612570610523E-8     991.9439801323734
1.4976040830152653E-8     991.9459789515734
1.511446908969478E-8      991.9479777707732
1.525289734923691E-8      991.9499765899731
1.539132560877904E-8      991.951975409173
1.5516630414679068E-8     991.9546642649658
1.5641935220579097E-8     991.9573531207585
1.576724002647913E-8      991.9600419765511
1.5892544832379157E-8     991.9627308323439
1.6017849638279186E-8     991.9654196881366
1.6131275137218235E-8     991.9701733085958
1.6244700636157284E-8     991.9749269290548
1.635812613509633E-8      991.9796805495139
1.6471551634035378E-8     991.9844341699729
1.6584977132974427E-8     991.9891877904321
1.6687649522229866E-8     992.0033268610296
1.6790321911485305E-8     992.0174659316268
1.6892994300740748E-8     992.0316050022243
1.6995666689996187E-8     992.0457440728217
1.7098339079251626E-8     992.059883143419
1.7191277788931725E-8     992.1159702788574
1.7284216498611824E-8     992.1720574142956
1.737715520829192E-8      992.228144549734
1.747009391797202E-8      992.2842316851722
1.756303262765212E-8      992.3403188206106
1.7647160442582766E-8     992.5581720763539
1.773128825751341E-8      992.7760253320972
1.7815416072444053E-8     992.9938785878405
1.7899543887374696E-8     993.2117318435837
1.7983671702305343E-8     993.4295850993271
1.805982392403696E-8      994.1818290925553
1.8135976145768583E-8     994.9340730857836
1.8212128367500202E-8     995.6863170790117
1.8288280589231824E-8     996.43856107224
1.8364432810963442E-8     997.1908050654681
1.8433365552012273E-8     999.4851148155424
1.8502298293061096E-8     1001.7794245656164
1.857123103410993E-8      1004.0737343156906
1.8640163775158753E-8     1006.3680440657647
1.8709096516207583E-8     1008.6623538158389
1.8771494207307272E-8     1014.9496528496311
1.883389189840696E-8      1021.2369518834232
1.8896289589506644E-8     1027.5242509172153
1.8958687280606333E-8     1033.8115499510075
1.9021084971706022E-8     1040.0988489847996
1.9077567156551446E-8     1056.0592638360295
1.9134049341396865E-8     1072.0196786872593
1.9190531526242286E-8     1087.980093538489
1.9247013711087707E-8     1103.9405083897188
1.930349589593313E-8      1119.9009232409485
1.9354623384441523E-8     1159.340832232259
1.9405750872949914E-8     1198.7807412235693
1.9456878361458308E-8     1238.2206502148797
1.95080058499667E-8       1277.6605592061899
1.9559133338475093E-8     1317.1004681975003
1.9605413772971743E-8     1418.1128977363628
1.9651694207468397E-8     1519.1253272752251
1.9697974641965047E-8     1620.1377568140879
1.9744255076461697E-8     1721.1501863529502
1.9790535510958347E-8     1822.1626158918127
1.9832428408766678E-8     2130.2555799270567
1.987432130657501E-8      2438.3485439623
1.991621420438334E-8      2746.441507997544
1.995810710219167E-8      3054.5344720327876
2.0E-8                    3362.6274360680313
0                         999.5455230871155
4.189289780832979E-11     999.5455230951304
8.378579561665958E-11     999.5455231031453
1.2567869342498936E-10    999.5455231111603
1.6757159123331916E-10    999.5455231191752
2.0946448904164892E-10    999.5455231271901
2.5574492353830083E-10    999.5455231486696
3.020253580349527E-10     999.5455231701491
3.483057925316046E-10     999.5455231916286
3.945862270282565E-10     999.545523213108
4.4086666152490835E-10    999.5455232345876
4.919941500333006E-10     999.5455232739372
5.431216385416927E-10     999.5455233132868
5.942491270500851E-10     999.5455233526363
6.453766155584772E-10     999.5455233919859
6.965041040668695E-10     999.5455234313355
7.529862889122908E-10     999.5455234956288
8.094684737577123E-10     999.545523559922
8.659506586031335E-10     999.5455236242151
9.22432843448555E-10      999.5455236885084
9.789150282939763E-10     999.5455237528016
1.0413127193936645E-9     999.5455238489179
1.1037104104933525E-9     999.545523945034
1.1661081015930407E-9     999.5455240411502
1.228505792692729E-9      999.5455241372665
1.290903483792417E-9      999.5455242333826
1.3598362248412454E-9     999.5455243704904
1.4287689658900735E-9     999.545524507598
1.4977017069389018E-9     999.5455246447058
1.5666344479877299E-9     999.5455247818134
1.6355671890365582E-9     999.5455249189212
1.7117194107681762E-9     999.5455251090276
1.7878716324997942E-9     999.5455252991342
1.864023854231412E-9      999.5455254892406
1.94017607596303E-9       999.5455256793471
2.016328297694648E-9      999.5455258694536
2.1004561126252937E-9     999.5455261281971
2.184583927555939E-9      999.5455263869405
2.268711742486584E-9      999.5455266456839
2.3528395574172295E-9     999.5455269044273
2.4369673723478746E-9     999.5455271631707
2.529906082027975E-9      999.5455275110611
2.622844791708075E-9      999.5455278589513
2.715783501388175E-9      999.5455282068417
2.808722211068275E-9      999.5455285547318
2.901660920748375E-9      999.5455289026222
3.004333310003815E-9      999.5455293667809
3.107005699259255E-9      999.5455298309397
3.209678088514695E-9      999.5455302950984
3.3123504777701346E-9     999.5455307592572
3.4150228670255746E-9     999.5455312234159
3.5284483659646214E-9     999.5455318405759
3.641873864903668E-9      999.5455324577359
3.755299363842715E-9      999.545533074896
3.868724862781761E-9      999.545533692056
3.982150361720808E-9      999.545534309216
4.107455167620838E-9      999.5455351301167
4.2327599735208685E-9     999.5455359510173
4.358064779420899E-9      999.545536771918
4.48336958532093E-9       999.5455375928186
4.60867439122096E-9       999.5455384137193
4.74710265076309E-9       999.5455395103971
4.885530910305219E-9      999.5455406070749
5.023959169847349E-9      999.5455417037527
5.162387429389479E-9      999.5455428004304
5.3008156889316085E-9     999.5455438971084
5.453741850582991E-9      999.5455453745584
5.606668012234374E-9      999.5455468520083
5.7595941738857555E-9     999.5455483294584
5.912520335537139E-9      999.5455498069084
6.065446497188521E-9      999.5455512843583
6.234388958943705E-9      999.5455533011348
6.403331420698887E-9      999.5455553179111
6.57227388245407E-9       999.5455573346874
6.7412163442092536E-9     999.5455593514637
6.910158805964436E-9      999.5455613682401
7.096794990760213E-9      999.5455641740582
7.283431175555989E-9      999.5455669798762
7.470067360351766E-9      999.5455697856943
7.656703545147541E-9      999.5455725915124
7.843339729943318E-9      999.5455753973304
8.049522589119894E-9      999.5455794041756
8.255705448296469E-9      999.5455834110206
8.461888307473043E-9      999.5455874178656
8.66807116664962E-9       999.5455914247108
8.874254025826196E-9      999.5455954315559
9.099403220660955E-9      999.5456013357708
9.324552415495714E-9      999.5456072399854
9.549701610330474E-9      999.5456131442004
9.774850805165232E-9      999.5456190484151
9.999999999999992E-9      999.54562495263
1.0225149194834752E-8     999.5456332178118
1.045029838966951E-8      999.5456414829935
1.067544758450427E-8      999.5456497481753
1.0900596779339028E-8     999.545658013357
1.1125745974173788E-8     999.5456662785388
1.1331928833350368E-8     999.5456770047319
1.1538111692526947E-8     999.545687730925
1.1744294551703525E-8     999.5456984571183
1.1950477410880106E-8     999.5457091833115
1.2156660270056686E-8     999.5457199095047
1.2343296454852464E-8     999.5457336097578
1.252993263964824E-8      999.5457473100108
1.2716568824444016E-8     999.545761010264
1.2903205009239795E-8     999.5457747105171
1.308984119403557E-8      999.5457884107702
1.3258783655790755E-8     999.545805999081
1.3427726117545937E-8     999.5458235873919
1.359666857930112E-8      999.5458411757025
1.3765611041056303E-8     999.5458587640132
1.3934553502811485E-8     999.5458763523241
1.4087479664462868E-8     999.5458990028274
1.4240405826114248E-8     999.5459216533305
1.439333198776563E-8      999.5459443038337
1.4546258149417012E-8     999.5459669543369
1.4699184311068394E-8     999.5459896048401
1.4837612570610523E-8     999.5460203733144
1.4976040830152653E-8     999.5460511417884
1.511446908969478E-8      999.5460819102626
1.525289734923691E-8      999.5461126787368
1.539132560877904E-8      999.5461434472109
1.5516630414679068E-8     999.5462021532032
1.5641935220579097E-8     999.5462608591954
1.576724002647913E-8      999.5463195651878
1.5892544832379157E-8     999.54637827118
1.6017849638279186E-8     999.5464369771722
1.6131275137218235E-8     999.5466622644473
1.6244700636157284E-8     999.5468875517223
1.635812613509633E-8      999.5471128389972
1.6471551634035378E-8     999.5473381262723
1.6584977132974427E-8     999.5475634135473
1.6687649522229866E-8     999.5487368532814
1.6790321911485305E-8     999.5499102930155
1.6892994300740748E-8     999.5510837327495
1.6995666689996187E-8     999.5522571724836
1.7098339079251626E-8     999.5534306122177
1.7191277788931725E-8     999.5590838969156
1.7284216498611824E-8     999.5647371816133
1.737715520829192E-8      999.5703904663112
1.747009391797202E-8      999.5760437510091
1.756303262765212E-8      999.581697035707
1.7647160442582766E-8     999.604919586465
1.773128825751341E-8      999.628142137223
1.7815416072444053E-8     999.651364687981
1.7899543887374696E-8     999.6745872387389
1.7983671702305343E-8     999.697809789497
1.805982392403696E-8      999.7794178181338
1.8135976145768583E-8     999.8610258467704
1.8212128367500202E-8     999.9426338754072
1.8288280589231824E-8     1000.024241904044
1.8364432810963442E-8     1000.1058499326806
1.8433365552012273E-8     1000.3554736193632
1.8502298293061096E-8     1000.6050973060458
1.857123103410993E-8      1000.8547209927283
1.8640163775158753E-8     1001.1043446794107
1.8709096516207583E-8     1001.3539683660932
1.8771494207307272E-8     1002.0298706431493
1.883389189840696E-8      1002.7057729202052
1.8896289589506644E-8     1003.3816751972611
1.8958687280606333E-8     1004.0575774743169
1.9021084971706022E-8     1004.7334797513728
1.9077567156551446E-8     1006.3803286700116
1.9134049341396865E-8     1008.0271775886504
1.9190531526242286E-8     1009.6740265072892
1.9247013711087707E-8     1011.3208754259279
1.930349589593313E-8      1012.9677243445667
1.9354623384441523E-8     1016.6382446691146
1.9405750872949914E-8     1020.3087649936624
1.9456878361458308E-8     1023.9792853182101
1.95080058499667E-8       1027.6498056427579
1.9559133338475093E-8     1031.3203259673057
1.9605413772971743E-8     1038.893912897957
1.9651694207468397E-8     1046.4674998286082
1.9697974641965047E-8     1054.0410867592595
1.9744255076461697E-8     1061.614673689911
1.9790535510958347E-8     1069.188260620562
1.9832428408766678E-8     1083.8774297998539
1.987432130657501E-8      1098.5665989791455
1.991621420438334E-8      1113.2557681584374
1.995810710219167E-8      1127.944937337729
2.0E-8                    1142.6341065170209
