% Model:              EDL.mph
% Version:            COMSOL 4.4.0.248
% Date:               Nov 6 2016, 17:30
% Dimension:          1
% Nodes:              1448
% Expressions:        1
% Description:        Line graph
% r                       Height
0                         0.07253916474624048
4.189289780832979E-11     0.0725353499106813
8.378579561665958E-11     0.07253153507512211
1.2567869342498936E-10    0.07252772023956293
1.6757159123331916E-10    0.07252390540400375
2.0946448904164892E-10    0.07252009056844456
2.5574492353830083E-10    0.07250939166505406
3.020253580349527E-10     0.07249869276166357
3.483057925316046E-10     0.07248799385827306
3.945862270282565E-10     0.07247729495488257
4.4086666152490835E-10    0.07246659605149207
4.919941500333006E-10     0.07244643989415347
5.431216385416927E-10     0.07242628373681488
5.942491270500851E-10     0.07240612757947629
6.453766155584772E-10     0.0723859714221377
6.965041040668695E-10     0.0723658152647991
7.529862889122908E-10     0.07233314887446564
8.094684737577123E-10     0.07230048248413218
8.659506586031335E-10     0.07226781609379872
9.22432843448555E-10      0.07223514970346526
9.789150282939763E-10     0.0722024833131318
1.0413127193936645E-9     0.07215379108880741
1.1037104104933525E-9     0.072105098864483
1.1661081015930407E-9     0.07205640664015861
1.228505792692729E-9      0.07200771441583423
1.290903483792417E-9      0.07195902219150983
1.3598362248412454E-9     0.07188990754011305
1.4287689658900735E-9     0.07182079288871626
1.4977017069389018E-9     0.07175167823731948
1.5666344479877299E-9     0.0716825635859227
1.6355671890365582E-9     0.07161344893452593
1.7117194107681762E-9     0.07151856069206958
1.7878716324997942E-9     0.0714236724496132
1.864023854231412E-9      0.07132878420715685
1.94017607596303E-9       0.07123389596470049
2.016328297694648E-9      0.07113900772224413
2.1004561126252937E-9     0.07101174450914627
2.184583927555939E-9      0.0708844812960484
2.268711742486584E-9      0.07075721808295053
2.3528395574172295E-9     0.07062995486985266
2.4369673723478746E-9     0.0705026916567548
2.529906082027975E-9      0.07033504866257863
2.622844791708075E-9      0.07016740566840246
2.715783501388175E-9      0.06999976267422629
2.808722211068275E-9      0.06983211968005013
2.901660920748375E-9      0.06966447668587396
3.004333310003815E-9      0.06944684623607414
3.107005699259255E-9      0.06922921578627432
3.209678088514695E-9      0.0690115853364745
3.3123504777701346E-9     0.0687939548866747
3.4150228670255746E-9     0.06857632443687488
3.5284483659646214E-9     0.06829726151529429
3.641873864903668E-9      0.06801819859371369
3.755299363842715E-9      0.0677391356721331
3.868724862781761E-9      0.0674600727505525
3.982150361720808E-9      0.0671810098289719
4.107455167620838E-9      0.0668270501050753
4.2327599735208685E-9     0.06647309038117868
4.358064779420899E-9      0.06611913065728207
4.48336958532093E-9       0.06576517093338546
4.60867439122096E-9       0.06541121120948885
4.74710265076309E-9       0.06496675222758869
4.885530910305219E-9      0.0645222932456885
5.023959169847349E-9      0.06407783426378834
5.162387429389479E-9      0.06363337528188817
5.3008156889316085E-9     0.06318891629998799
5.453741850582991E-9      0.06263636407949648
5.606668012234374E-9      0.062083811859004946
5.7595941738857555E-9     0.06153125963851343
5.912520335537139E-9      0.0609787074180219
6.065446497188521E-9      0.06042615519753038
6.234388958943705E-9      0.059746322511344395
6.403331420698887E-9      0.05906648982515839
6.57227388245407E-9       0.058386657138972405
6.7412163442092536E-9     0.05770682445278641
6.910158805964436E-9      0.057026991766600414
7.096794990760213E-9      0.0561999659917322
7.283431175555989E-9      0.05537294021686398
7.470067360351766E-9      0.05454591444199576
7.656703545147541E-9      0.05371888866712754
7.843339729943318E-9      0.05289186289225933
8.049522589119894E-9      0.05189912733919488
8.255705448296469E-9      0.05090639178613043
8.461888307473043E-9      0.04991365623306597
8.66807116664962E-9       0.04892092068000153
8.874254025826196E-9      0.04792818512693707
9.099403220660955E-9      0.046769675188696486
9.324552415495714E-9      0.04561116525045589
9.549701610330474E-9      0.0444526553122153
9.774850805165232E-9      0.043294145373974705
9.999999999999992E-9      0.04213563543573412
1.0225149194834752E-8     0.040925688730941184
1.045029838966951E-8      0.039715742026148255
1.067544758450427E-8      0.03850579532135532
1.0900596779339028E-8     0.03729584861656239
1.1125745974173788E-8     0.036085901911769455
1.1331928833350368E-8     0.03495855559524548
1.1538111692526947E-8     0.0338312092787215
1.1744294551703525E-8     0.032703862962197516
1.1950477410880106E-8     0.03157651664567354
1.2156660270056686E-8     0.03044917032914956
1.2343296454852464E-8     0.029434942897022656
1.252993263964824E-8      0.02842071546489575
1.2716568824444016E-8     0.027406488032768843
1.2903205009239795E-8     0.026392260600641936
1.308984119403557E-8      0.025378033168515033
1.3258783655790755E-8     0.024482762382113388
1.3427726117545937E-8     0.023587491595711746
1.359666857930112E-8      0.022692220809310097
1.3765611041056303E-8     0.021796950022908455
1.3934553502811485E-8     0.02090167923650681
1.4087479664462868E-8     0.02012408454162643
1.4240405826114248E-8     0.01934648984674605
1.439333198776563E-8      0.018568895151865668
1.4546258149417012E-8     0.017791300456985286
1.4699184311068394E-8     0.017013705762104907
1.4837612570610523E-8     0.016347930072965176
1.4976040830152653E-8     0.015682154383825444
1.511446908969478E-8      0.015016378694685712
1.525289734923691E-8      0.014350603005545979
1.539132560877904E-8      0.013684827316406247
1.5516630414679068E-8     0.013122107688261088
1.5641935220579097E-8     0.01255938806011593
1.576724002647913E-8      0.011996668431970772
1.5892544832379157E-8     0.011433948803825615
1.6017849638279186E-8     0.010871229175680456
1.6131275137218235E-8     0.010401359190807518
1.6244700636157284E-8     0.00993148920593458
1.635812613509633E-8      0.009461619221061642
1.6471551634035378E-8     0.008991749236188703
1.6584977132974427E-8     0.008521879251315765
1.6687649522229866E-8     0.008134137978419012
1.6790321911485305E-8     0.007746396705522258
1.6892994300740748E-8     0.007358655432625504
1.6995666689996187E-8     0.006970914159728751
1.7098339079251626E-8     0.006583172886831998
1.7191277788931725E-8     0.006266961279421597
1.7284216498611824E-8     0.005950749672011195
1.737715520829192E-8      0.005634538064600793
1.747009391797202E-8      0.005318326457190391
1.756303262765212E-8      0.0050021148497799905
1.7647160442582766E-8     0.00474737085088277
1.773128825751341E-8      0.00449262685198555
1.7815416072444053E-8     0.00423788285308833
1.7899543887374696E-8     0.003983138854191111
1.7983671702305343E-8     0.0037283948552938903
1.805982392403696E-8      0.0035258831188286557
1.8135976145768583E-8     0.0033233713823634208
1.8212128367500202E-8     0.0031208596458981858
1.8288280589231824E-8     0.0029183479094329508
1.8364432810963442E-8     0.0027158361729677162
1.8433365552012273E-8     0.0025572889169742557
1.8502298293061096E-8     0.0023987416609807946
1.857123103410993E-8      0.002240194404987334
1.8640163775158753E-8     0.0020816471489938735
1.8709096516207583E-8     0.0019230998930004127
1.8771494207307272E-8     0.001801209299367229
1.883389189840696E-8      0.001679318705734045
1.8896289589506644E-8     0.0015574281121008612
1.8958687280606333E-8     0.001435537518467677
1.9021084971706022E-8     0.0013136469248344932
1.9077567156551446E-8     0.001222029408514917
1.9134049341396865E-8     0.0011304118921953406
1.9190531526242286E-8     0.0010387943758757643
1.9247013711087707E-8     9.47176859556188E-4
1.930349589593313E-8      8.555593432366118E-4
1.9354623384441523E-8     7.886941484686003E-4
1.9405750872949914E-8     7.218289537005888E-4
1.9456878361458308E-8     6.549637589325773E-4
1.95080058499667E-8       5.880985641645658E-4
1.9559133338475093E-8     5.212333693965543E-4
1.9605413772971743E-8     4.7446282462533003E-4
1.9651694207468397E-8     4.276922798541058E-4
1.9697974641965047E-8     3.809217350828815E-4
1.9744255076461697E-8     3.3415119031165725E-4
1.9790535510958347E-8     2.8738064554043296E-4
1.9832428408766678E-8     2.5656744424707687E-4
1.987432130657501E-8      2.2575424295372067E-4
1.991621420438334E-8      1.9494104166036455E-4
1.995810710219167E-8      1.6412784036700837E-4
2.0E-8                    1.3331463907365225E-4
0                         0.3733317107857858
4.189289780832979E-11     0.3733184751028453
8.378579561665958E-11     0.37330523941990484
1.2567869342498936E-10    0.3732920037369643
1.6757159123331916E-10    0.3732787680540238
2.0946448904164892E-10    0.37326553237108334
2.5574492353830083E-10    0.3732284095190235
3.020253580349527E-10     0.37319128666696355
3.483057925316046E-10     0.3731541638149036
3.945862270282565E-10     0.3731170409628437
4.4086666152490835E-10    0.37307991811078384
4.919941500333006E-10     0.37300996449150553
5.431216385416927E-10     0.3729400108722273
5.942491270500851E-10     0.37287005725294897
6.453766155584772E-10     0.3728001036336707
6.965041040668695E-10     0.3727301500143924
7.529862889122908E-10     0.3726167273785926
8.094684737577123E-10     0.37250330474279275
8.659506586031335E-10     0.3723898821069929
9.22432843448555E-10      0.3722764594711931
9.789150282939763E-10     0.37216303683539326
1.0413127193936645E-9     0.37199385340248053
1.1037104104933525E-9     0.3718246699695677
1.1661081015930407E-9     0.371655486536655
1.228505792692729E-9      0.3714863031037422
1.290903483792417E-9      0.3713171196708294
1.3598362248412454E-9     0.37107673617187736
1.4287689658900735E-9     0.37083635267292525
1.4977017069389018E-9     0.37059596917397314
1.5666344479877299E-9     0.370355585675021
1.6355671890365582E-9     0.37011520217606897
1.7117194107681762E-9     0.36978471376659167
1.7878716324997942E-9     0.3694542253571143
1.864023854231412E-9      0.369123736947637
1.94017607596303E-9       0.3687932485381597
2.016328297694648E-9      0.36846276012868234
2.1004561126252937E-9     0.3680186624485634
2.184583927555939E-9      0.3675745647684444
2.268711742486584E-9      0.36713046708832553
2.3528395574172295E-9     0.36668636940820654
2.4369673723478746E-9     0.3662422717280876
2.529906082027975E-9      0.36565576261081406
2.622844791708075E-9      0.3650692534935405
2.715783501388175E-9      0.36448274437626693
2.808722211068275E-9      0.3638962352589934
2.901660920748375E-9      0.36330972614171986
3.004333310003815E-9      0.3625457533274176
3.107005699259255E-9      0.3617817805131153
3.209678088514695E-9      0.36101780769881303
3.3123504777701346E-9     0.3602538348845108
3.4150228670255746E-9     0.3594898620702085
3.5284483659646214E-9     0.3585059009733526
3.641873864903668E-9      0.35752193987649666
3.755299363842715E-9      0.3565379787796407
3.868724862781761E-9      0.3555540176827848
3.982150361720808E-9      0.3545700565859289
4.107455167620838E-9      0.3533148530658359
4.2327599735208685E-9     0.3520596495457428
4.358064779420899E-9      0.3508044460256498
4.48336958532093E-9       0.3495492425055568
4.60867439122096E-9       0.34829403898546374
4.74710265076309E-9       0.34670623794806654
4.885530910305219E-9      0.3451184369106693
5.023959169847349E-9      0.34353063587327204
5.162387429389479E-9      0.3419428348358748
5.3008156889316085E-9     0.3403550337984776
5.453741850582991E-9      0.3383622860090776
5.606668012234374E-9      0.33636953821967763
5.7595941738857555E-9     0.33437679043027757
5.912520335537139E-9      0.3323840426408776
6.065446497188521E-9      0.3303912948514776
6.234388958943705E-9      0.32790953421930014
6.403331420698887E-9      0.32542777358712266
6.57227388245407E-9       0.3229460129549451
6.7412163442092536E-9     0.32046425232276765
6.910158805964436E-9      0.3179824916905902
7.096794990760213E-9      0.3149157461357205
7.283431175555989E-9      0.31184900058085085
7.470067360351766E-9      0.30878225502598117
7.656703545147541E-9      0.30571550947111154
7.843339729943318E-9      0.30264876391624185
8.049522589119894E-9      0.2988922119211657
8.255705448296469E-9      0.29513565992608953
8.461888307473043E-9      0.29137910793101335
8.66807116664962E-9       0.2876225559359372
8.874254025826196E-9      0.28386600394086103
9.099403220660955E-9      0.2793654378241801
9.324552415495714E-9      0.2748648717074991
9.549701610330474E-9      0.27036430559081814
9.774850805165232E-9      0.2658637394741372
9.999999999999992E-9      0.26136317335745624
1.0225149194834752E-8     0.2565069170675278
1.045029838966951E-8      0.25165066077759934
1.067544758450427E-8      0.24679440448767093
1.0900596779339028E-8     0.2419381481977425
1.1125745974173788E-8     0.23708189190781406
1.1331928833350368E-8     0.23238365954552828
1.1538111692526947E-8     0.22768542718324242
1.1744294551703525E-8     0.22298719482095664
1.1950477410880106E-8     0.2182889624586708
1.2156660270056686E-8     0.213590730096385
1.2343296454852464E-8     0.20918735151753529
1.252993263964824E-8      0.20478397293868553
1.2716568824444016E-8     0.2003805943598358
1.2903205009239795E-8     0.19597721578098606
1.308984119403557E-8      0.19157383720213633
1.3258783655790755E-8     0.18751024712666942
1.3427726117545937E-8     0.18344665705120244
1.359666857930112E-8      0.1793830669757355
1.3765611041056303E-8     0.17531947690026856
1.3934553502811485E-8     0.1712558868248016
1.4087479664462868E-8     0.1675521790818511
1.4240405826114248E-8     0.16384847133890057
1.439333198776563E-8      0.16014476359595003
1.4546258149417012E-8     0.1564410558529995
1.4699184311068394E-8     0.152737348110049
1.4837612570610523E-8     0.1493949478536566
1.4976040830152653E-8     0.1460525475972642
1.511446908969478E-8      0.14271014734087176
1.525289734923691E-8      0.13936774708447935
1.539132560877904E-8      0.13602534682808695
1.5516630414679068E-8     0.13303268888043895
1.5641935220579097E-8     0.13004003093279096
1.576724002647913E-8      0.12704737298514293
1.5892544832379157E-8     0.12405471503749492
1.6017849638279186E-8     0.12106205708984692
1.6131275137218235E-8     0.11839947290124278
1.6244700636157284E-8     0.11573688871263862
1.635812613509633E-8      0.11307430452403448
1.6471551634035378E-8     0.11041172033543034
1.6584977132974427E-8     0.10774913614682619
1.6687649522229866E-8     0.10539219866187857
1.6790321911485305E-8     0.10303526117693093
1.6892994300740748E-8     0.1006783236919833
1.6995666689996187E-8     0.09832138620703568
1.7098339079251626E-8     0.09596444872208805
1.7191277788931725E-8     0.09388640262534655
1.7284216498611824E-8     0.09180835652860501
1.737715520829192E-8      0.0897303104318635
1.747009391797202E-8      0.08765226433512198
1.756303262765212E-8      0.08557421823838046
1.7647160442582766E-8     0.083747668259982
1.773128825751341E-8      0.08192111828158354
1.7815416072444053E-8     0.08009456830318509
1.7899543887374696E-8     0.07826801832478662
1.7983671702305343E-8     0.07644146834638817
1.805982392403696E-8      0.07483960379712146
1.8135976145768583E-8     0.07323773924785473
1.8212128367500202E-8     0.07163587469858801
1.8288280589231824E-8     0.0700340101493213
1.8364432810963442E-8     0.06843214560005458
1.8433365552012273E-8     0.06702961710622139
1.8502298293061096E-8     0.06562708861238821
1.857123103410993E-8      0.06422456011855501
1.8640163775158753E-8     0.06282203162472183
1.8709096516207583E-8     0.06141950313088865
1.8771494207307272E-8     0.06019283597219473
1.883389189840696E-8      0.05896616881350081
1.8896289589506644E-8     0.05773950165480689
1.8958687280606333E-8     0.05651283449611297
1.9021084971706022E-8     0.05528616733741905
1.9077567156551446E-8     0.05421395151267102
1.9134049341396865E-8     0.05314173568792298
1.9190531526242286E-8     0.05206951986317495
1.9247013711087707E-8     0.05099730403842692
1.930349589593313E-8      0.049925088213678886
1.9354623384441523E-8     0.048988062149870344
1.9405750872949914E-8     0.04805103608606179
1.9456878361458308E-8     0.04711401002225324
1.95080058499667E-8       0.04617698395844469
1.9559133338475093E-8     0.04523995789463614
1.9605413772971743E-8     0.04442094875414102
1.9651694207468397E-8     0.0436019396136459
1.9697974641965047E-8     0.04278293047315078
1.9744255076461697E-8     0.041963921332655654
1.9790535510958347E-8     0.041144912192160536
1.9832428408766678E-8     0.040428527930348554
1.987432130657501E-8      0.03971214366853657
1.991621420438334E-8      0.038995759406724596
1.995810710219167E-8      0.038279375144912614
2.0E-8                    0.03756299088310063
0                         5.9378045596114735
4.189289780832979E-11     5.9376955275847605
8.378579561665958E-11     5.9375864955580475
1.2567869342498936E-10    5.9374774635313345
1.6757159123331916E-10    5.937368431504622
2.0946448904164892E-10    5.937259399477909
2.5574492353830083E-10    5.936953272263811
3.020253580349527E-10     5.936647145049713
3.483057925316046E-10     5.936341017835616
3.945862270282565E-10     5.936034890621518
4.4086666152490835E-10    5.935728763407421
4.919941500333006E-10     5.935150776730763
5.431216385416927E-10     5.934572790054105
5.942491270500851E-10     5.933994803377447
6.453766155584772E-10     5.93341681670079
6.965041040668695E-10     5.9328388300241315
7.529862889122908E-10     5.931898639700492
8.094684737577123E-10     5.930958449376851
8.659506586031335E-10     5.930018259053211
9.22432843448555E-10      5.929078068729571
9.789150282939763E-10     5.9281378784059315
1.0413127193936645E-9     5.926728485313383
1.1037104104933525E-9     5.9253190922208345
1.1661081015930407E-9     5.923909699128285
1.228505792692729E-9      5.922500306035737
1.290903483792417E-9      5.921090912943188
1.3598362248412454E-9     5.919073993725657
1.4287689658900735E-9     5.917057074508125
1.4977017069389018E-9     5.915040155290594
1.5666344479877299E-9     5.9130232360730615
1.6355671890365582E-9     5.911006316855531
1.7117194107681762E-9     5.908205794724867
1.7878716324997942E-9     5.905405272594204
1.864023854231412E-9      5.90260475046354
1.94017607596303E-9       5.8998042283328775
2.016328297694648E-9      5.897003706202214
2.1004561126252937E-9     5.893189828494606
2.184583927555939E-9      5.889375950786997
2.268711742486584E-9      5.885562073079388
2.3528395574172295E-9     5.88174819537178
2.4369673723478746E-9     5.877934317664171
2.529906082027975E-9      5.872807576768167
2.622844791708075E-9      5.867680835872163
2.715783501388175E-9      5.862554094976158
2.808722211068275E-9      5.857427354080153
2.901660920748375E-9      5.852300613184149
3.004333310003815E-9      5.845467459659433
3.107005699259255E-9      5.8386343061347175
3.209678088514695E-9      5.8318011526100015
3.3123504777701346E-9     5.824967999085286
3.4150228670255746E-9     5.81813484556057
3.5284483659646214E-9     5.809071298146331
3.641873864903668E-9      5.800007750732092
3.755299363842715E-9      5.790944203317853
3.868724862781761E-9      5.781880655903614
3.982150361720808E-9      5.772817108489376
4.107455167620838E-9      5.760816980201103
4.2327599735208685E-9     5.74881685191283
4.358064779420899E-9      5.736816723624557
4.48336958532093E-9       5.724816595336284
4.60867439122096E-9       5.712816467048012
4.74710265076309E-9       5.696914845873048
4.885530910305219E-9      5.6810132246980825
5.023959169847349E-9      5.665111603523119
5.162387429389479E-9      5.649209982348154
5.3008156889316085E-9     5.63330836117319
5.453741850582991E-9      5.612175506434767
5.606668012234374E-9      5.591042651696344
5.7595941738857555E-9     5.569909796957921
5.912520335537139E-9      5.548776942219497
6.065446497188521E-9      5.527644087481075
6.234388958943705E-9      5.499428232181905
6.403331420698887E-9      5.471212376882734
6.57227388245407E-9       5.442996521583563
6.7412163442092536E-9     5.414780666284393
6.910158805964436E-9      5.386564810985222
7.096794990760213E-9      5.3486606195488955
7.283431175555989E-9      5.310756428112567
7.470067360351766E-9      5.272852236676241
7.656703545147541E-9      5.234948045239912
7.843339729943318E-9      5.197043853803586
8.049522589119894E-9      5.1458193459852595
8.255705448296469E-9      5.094594838166934
8.461888307473043E-9      5.0433703303486075
8.66807116664962E-9       4.992145822530281
8.874254025826196E-9      4.9409213147119555
9.099403220660955E-9      4.872268066002832
9.324552415495714E-9      4.803614817293708
9.549701610330474E-9      4.734961568584584
9.774850805165232E-9      4.666308319875459
9.999999999999992E-9      4.5976550711663355
1.0225149194834752E-8     4.514405076231072
1.045029838966951E-8      4.431155081295809
1.067544758450427E-8      4.347905086360544
1.0900596779339028E-8     4.264655091425281
1.1125745974173788E-8     4.181405096490018
1.1331928833350368E-8     4.091748912512459
1.1538111692526947E-8     4.0020927285349
1.1744294551703525E-8     3.912436544557341
1.1950477410880106E-8     3.822780360579782
1.2156660270056686E-8     3.733124176602223
1.2343296454852464E-8     3.6413394455457153
1.252993263964824E-8      3.5495547144892075
1.2716568824444016E-8     3.4577699834326996
1.2903205009239795E-8     3.365985252376192
1.308984119403557E-8      3.2742005213196843
1.3258783655790755E-8     3.183484101676753
1.3427726117545937E-8     3.0927676820338217
1.359666857930112E-8      3.0020512623908906
1.3765611041056303E-8     2.911334842747959
1.3934553502811485E-8     2.820618423105028
1.4087479664462868E-8     2.7338408398554703
1.4240405826114248E-8     2.647063256605913
1.439333198776563E-8      2.5602856733563555
1.4546258149417012E-8     2.4735080901067983
1.4699184311068394E-8     2.3867305068572406
1.4837612570610523E-8     2.306151345106653
1.4976040830152653E-8     2.2255721833560647
1.511446908969478E-8      2.144993021605477
1.525289734923691E-8      2.0644138598548887
1.539132560877904E-8      1.9838346981043005
1.5516630414679068E-8     1.9109877206398664
1.5641935220579097E-8     1.8381407431754322
1.576724002647913E-8      1.765293765710998
1.5892544832379157E-8     1.6924467882465637
1.6017849638279186E-8     1.6195998107821297
1.6131275137218235E-8     1.5553354231805492
1.6244700636157284E-8     1.4910710355789685
1.635812613509633E-8      1.4268066479773878
1.6471551634035378E-8     1.3625422603758075
1.6584977132974427E-8     1.2982778727742268
1.6687649522229866E-8     1.2428558007675783
1.6790321911485305E-8     1.1874337287609293
1.6892994300740748E-8     1.132011656754281
1.6995666689996187E-8     1.0765895847476321
1.7098339079251626E-8     1.0211675127409836
1.7191277788931725E-8     0.9743601960035032
1.7284216498611824E-8     0.9275528792660228
1.737715520829192E-8      0.8807455625285424
1.747009391797202E-8      0.833938245791062
1.756303262765212E-8      0.7871309290535816
1.7647160442582766E-8     0.7483732028596254
1.773128825751341E-8      0.7096154766656692
1.7815416072444053E-8     0.6708577504717129
1.7899543887374696E-8     0.6321000242777567
1.7983671702305343E-8     0.5933422980838005
1.805982392403696E-8      0.5618700344307206
1.8135976145768583E-8     0.5303977707776407
1.8212128367500202E-8     0.49892550712456085
1.8288280589231824E-8     0.467453243471481
1.8364432810963442E-8     0.43598097981840117
1.8433365552012273E-8     0.410938230155364
1.8502298293061096E-8     0.38589548049232675
1.857123103410993E-8      0.3608527308292896
1.8640163775158753E-8     0.3358099811662524
1.8709096516207583E-8     0.3107672315032152
1.8771494207307272E-8     0.291278745256897
1.883389189840696E-8      0.27179025901057874
1.8896289589506644E-8     0.2523017727642605
1.8958687280606333E-8     0.2328132865179423
1.9021084971706022E-8     0.21332480027162407
1.9077567156551446E-8     0.1985451655511491
1.9134049341396865E-8     0.1837655308306741
1.9190531526242286E-8     0.16898589611019912
1.9247013711087707E-8     0.15420626138972413
1.930349589593313E-8      0.13942662666924915
1.9354623384441523E-8     0.12857098818223311
1.9405750872949914E-8     0.11771534969521708
1.9456878361458308E-8     0.10685971120820106
1.95080058499667E-8       0.09600407272118501
1.9559133338475093E-8     0.08514843423416898
1.9605413772971743E-8     0.077521638059013
1.9651694207468397E-8     0.06989484188385703
1.9697974641965047E-8     0.06226804570870104
1.9744255076461697E-8     0.054641249533545065
1.9790535510958347E-8     0.04701445335838909
1.9832428408766678E-8     0.04197582590464585
1.987432130657501E-8      0.03693719845090262
1.991621420438334E-8      0.031898570997159384
1.995810710219167E-8      0.02685994354341615
2.0E-8                    0.02182131608967292
0                         9.933228549329007
4.189289780832979E-11     9.933195079813386
8.378579561665958E-11     9.933161610297764
1.2567869342498936E-10    9.933128140782145
1.6757159123331916E-10    9.933094671266524
2.0946448904164892E-10    9.933061201750903
2.5574492353830083E-10    9.932967170840884
3.020253580349527E-10     9.932873139930866
3.483057925316046E-10     9.932779109020846
3.945862270282565E-10     9.932685078110827
4.4086666152490835E-10    9.932591047200809
4.919941500333006E-10     9.932413272102073
5.431216385416927E-10     9.932235497003337
5.942491270500851E-10     9.9320577219046
6.453766155584772E-10     9.931879946805864
6.965041040668695E-10     9.931702171707128
7.529862889122908E-10     9.931412302369793
8.094684737577123E-10     9.931122433032458
8.659506586031335E-10     9.930832563695123
9.22432843448555E-10      9.930542694357786
9.789150282939763E-10     9.930252825020451
1.0413127193936645E-9     9.92981671835289
1.1037104104933525E-9     9.929380611685332
1.1661081015930407E-9     9.928944505017771
1.228505792692729E-9      9.928508398350212
1.290903483792417E-9      9.928072291682652
1.3598362248412454E-9     9.927444927434708
1.4287689658900735E-9     9.926817563186763
1.4977017069389018E-9     9.92619019893882
1.5666344479877299E-9     9.925562834690874
1.6355671890365582E-9     9.92493547044293
1.7117194107681762E-9     9.92405803991146
1.7878716324997942E-9     9.92318060937999
1.864023854231412E-9      9.92230317884852
1.94017607596303E-9       9.92142574831705
2.016328297694648E-9      9.92054831778558
2.1004561126252937E-9     9.91934164653853
2.184583927555939E-9      9.918134975291482
2.268711742486584E-9      9.916928304044433
2.3528395574172295E-9     9.915721632797384
2.4369673723478746E-9     9.914514961550335
2.529906082027975E-9      9.912871763684993
2.622844791708075E-9      9.911228565819652
2.715783501388175E-9      9.90958536795431
2.808722211068275E-9      9.907942170088969
2.901660920748375E-9      9.906298972223627
3.004333310003815E-9      9.904071594353075
3.107005699259255E-9      9.901844216482521
3.209678088514695E-9      9.89961683861197
3.3123504777701346E-9     9.897389460741415
3.4150228670255746E-9     9.895162082870861
3.5284483659646214E-9     9.89214296100612
3.641873864903668E-9      9.889123839141378
3.755299363842715E-9      9.886104717276636
3.868724862781761E-9      9.883085595411895
3.982150361720808E-9      9.880066473547153
4.107455167620838E-9      9.875957571672538
4.2327599735208685E-9     9.871848669797922
4.358064779420899E-9      9.867739767923306
4.48336958532093E-9       9.863630866048691
4.60867439122096E-9       9.859521964174075
4.74710265076309E-9       9.853884986066248
4.885530910305219E-9      9.848248007958421
5.023959169847349E-9      9.842611029850595
5.162387429389479E-9      9.836974051742768
5.3008156889316085E-9     9.831337073634941
5.453741850582991E-9      9.823513774695328
5.606668012234374E-9      9.815690475755714
5.7595941738857555E-9     9.8078671768161
5.912520335537139E-9      9.800043877876485
6.065446497188521E-9      9.792220578936872
6.234388958943705E-9      9.781196641066739
6.403331420698887E-9      9.770172703196605
6.57227388245407E-9       9.759148765326472
6.7412163442092536E-9     9.748124827456337
6.910158805964436E-9      9.737100889586204
7.096794990760213E-9      9.721264740090541
7.283431175555989E-9      9.70542859059488
7.470067360351766E-9      9.689592441099217
7.656703545147541E-9      9.673756291603555
7.843339729943318E-9      9.657920142107892
8.049522589119894E-9      9.63465804920162
8.255705448296469E-9      9.611395956295347
8.461888307473043E-9      9.588133863389073
8.66807116664962E-9       9.5648717704828
8.874254025826196E-9      9.541609677576528
9.099403220660955E-9      9.50703653367722
9.324552415495714E-9      9.47246338977791
9.549701610330474E-9      9.437890245878602
9.774850805165232E-9      9.403317101979296
9.999999999999992E-9      9.368743958079987
1.0225149194834752E-8     9.3214074096888
1.045029838966951E-8      9.274070861297615
1.067544758450427E-8      9.226734312906428
1.0900596779339028E-8     9.179397764515242
1.1125745974173788E-8     9.132061216124056
1.1331928833350368E-8     9.07391208531666
1.1538111692526947E-8     9.015762954509263
1.1744294551703525E-8     8.957613823701868
1.1950477410880106E-8     8.89946469289447
1.2156660270056686E-8     8.841315562087075
1.2343296454852464E-8     8.773220941581972
1.252993263964824E-8      8.705126321076868
1.2716568824444016E-8     8.637031700571765
1.2903205009239795E-8     8.568937080066659
1.308984119403557E-8      8.500842459561555
1.3258783655790755E-8     8.423661517986266
1.3427726117545937E-8     8.346480576410977
1.359666857930112E-8      8.269299634835686
1.3765611041056303E-8     8.192118693260397
1.3934553502811485E-8     8.114937751685108
1.4087479664462868E-8     8.030153502880182
1.4240405826114248E-8     7.945369254075256
1.439333198776563E-8      7.86058500527033
1.4546258149417012E-8     7.775800756465404
1.4699184311068394E-8     7.691016507660478
1.4837612570610523E-8     7.60052203935522
1.4976040830152653E-8     7.510027571049961
1.511446908969478E-8      7.419533102744703
1.525289734923691E-8      7.329038634439445
1.539132560877904E-8      7.2385441661341865
1.5516630414679068E-8     7.1444664873702015
1.5641935220579097E-8     7.050388808606216
1.576724002647913E-8      6.956311129842231
1.5892544832379157E-8     6.862233451078246
1.6017849638279186E-8     6.76815577231426
1.6131275137218235E-8     6.672641154403359
1.6244700636157284E-8     6.577126536492457
1.635812613509633E-8      6.481611918581555
1.6471551634035378E-8     6.386097300670654
1.6584977132974427E-8     6.290582682759752
1.6687649522229866E-8     6.195653487970029
1.6790321911485305E-8     6.100724293180304
1.6892994300740748E-8     6.00579509839058
1.6995666689996187E-8     5.910865903600854
1.7098339079251626E-8     5.8159367088111305
1.7191277788931725E-8     5.723364137875408
1.7284216498611824E-8     5.630791566939686
1.737715520829192E-8      5.538218996003963
1.747009391797202E-8      5.44564642506824
1.756303262765212E-8      5.353073854132519
1.7647160442582766E-8     5.26429844066911
1.773128825751341E-8      5.175523027205702
1.7815416072444053E-8     5.086747613742293
1.7899543887374696E-8     4.997972200278885
1.7983671702305343E-8     4.909196786815476
1.805982392403696E-8      4.825293389816076
1.8135976145768583E-8     4.741389992816674
1.8212128367500202E-8     4.657486595817273
1.8288280589231824E-8     4.573583198817872
1.8364432810963442E-8     4.489679801818471
1.8433365552012273E-8     4.411365975608558
1.8502298293061096E-8     4.333052149398645
1.857123103410993E-8      4.254738323188732
1.8640163775158753E-8     4.176424496978819
1.8709096516207583E-8     4.0981106707689055
1.8771494207307272E-8     4.025789703511487
1.883389189840696E-8      3.953468736254068
1.8896289589506644E-8     3.881147768996649
1.8958687280606333E-8     3.80882680173923
1.9021084971706022E-8     3.736505834481811
1.9077567156551446E-8     3.6703160026443507
1.9134049341396865E-8     3.604126170806889
1.9190531526242286E-8     3.5379363389694287
1.9247013711087707E-8     3.471746507131968
1.930349589593313E-8      3.405556675294507
1.9354623384441523E-8     3.345429074978797
1.9405750872949914E-8     3.2853014746630875
1.9456878361458308E-8     3.2251738743473775
1.95080058499667E-8       3.165046274031668
1.9559133338475093E-8     3.104918673715958
1.9605413772971743E-8     3.0506307763958254
1.9651694207468397E-8     2.996342879075692
1.9697974641965047E-8     2.9420549817555592
1.9744255076461697E-8     2.887767084435426
1.9790535510958347E-8     2.833479187115293
1.9832428408766678E-8     2.784703434542267
1.987432130657501E-8      2.7359276819692404
1.991621420438334E-8      2.6871519293962143
1.995810710219167E-8      2.638376176823188
2.0E-8                    2.5896004242501616
0                         94.23234656380767
4.189289780832979E-11     94.23234686947252
8.378579561665958E-11     94.23234717513738
1.2567869342498936E-10    94.23234748080223
1.6757159123331916E-10    94.23234778646709
2.0946448904164892E-10    94.23234809213194
2.5574492353830083E-10    94.23234890908701
3.020253580349527E-10     94.23234972604206
3.483057925316046E-10     94.23235054299712
3.945862270282565E-10     94.23235135995218
4.4086666152490835E-10    94.23235217690724
4.919941500333006E-10     94.23235367049544
5.431216385416927E-10     94.23235516408366
5.942491270500851E-10     94.23235665767186
6.453766155584772E-10     94.23235815126007
6.965041040668695E-10     94.23235964484827
7.529862889122908E-10     94.23236207983356
8.094684737577123E-10     94.23236451481884
8.659506586031335E-10     94.23236694980412
9.22432843448555E-10      94.2323693847894
9.789150282939763E-10     94.23237181977467
1.0413127193936645E-9     94.23237544714024
1.1037104104933525E-9     94.23237907450579
1.1661081015930407E-9     94.23238270187134
1.228505792692729E-9      94.2323863292369
1.290903483792417E-9      94.23238995660246
1.3598362248412454E-9     94.23239510688549
1.4287689658900735E-9     94.23240025716849
1.4977017069389018E-9     94.23240540745152
1.5666344479877299E-9     94.23241055773453
1.6355671890365582E-9     94.23241570801756
1.7117194107681762E-9     94.2324227939448
1.7878716324997942E-9     94.23242987987207
1.864023854231412E-9      94.23243696579932
1.94017607596303E-9       94.23244405172659
2.016328297694648E-9      94.23245113765384
2.1004561126252937E-9     94.23246067475174
2.184583927555939E-9      94.23247021184963
2.268711742486584E-9      94.23247974894753
2.3528395574172295E-9     94.23248928604544
2.4369673723478746E-9     94.23249882314333
2.529906082027975E-9      94.2325114342769
2.622844791708075E-9      94.23252404541046
2.715783501388175E-9      94.232536656544
2.808722211068275E-9      94.23254926767757
2.901660920748375E-9      94.23256187881113
3.004333310003815E-9      94.23257827621467
3.107005699259255E-9      94.2325946736182
3.209678088514695E-9      94.23261107102175
3.3123504777701346E-9     94.23262746842528
3.4150228670255746E-9     94.23264386582882
3.5284483659646214E-9     94.23266477620022
3.641873864903668E-9      94.23268568657163
3.755299363842715E-9      94.23270659694303
3.868724862781761E-9      94.23272750731444
3.982150361720808E-9      94.23274841768584
4.107455167620838E-9      94.23277430352118
4.2327599735208685E-9     94.23280018935651
4.358064779420899E-9      94.23282607519187
4.48336958532093E-9       94.2328519610272
4.60867439122096E-9       94.23287784686254
4.74710265076309E-9       94.2329080483928
4.885530910305219E-9      94.23293824992305
5.023959169847349E-9      94.23296845145333
5.162387429389479E-9      94.23299865298358
5.3008156889316085E-9     94.23302885451385
5.453741850582991E-9      94.23305892963054
5.606668012234374E-9      94.23308900474723
5.7595941738857555E-9     94.23311907986394
5.912520335537139E-9      94.23314915498062
6.065446497188521E-9      94.23317923009732
6.234388958943705E-9      94.23319253006441
6.403331420698887E-9      94.23320583003152
6.57227388245407E-9       94.23321912999862
6.7412163442092536E-9     94.23323242996571
6.910158805964436E-9      94.2332457299328
7.096794990760213E-9      94.23318458335918
7.283431175555989E-9      94.23312343678555
7.470067360351766E-9      94.23306229021192
7.656703545147541E-9      94.23300114363829
7.843339729943318E-9      94.23293999706466
8.049522589119894E-9      94.23259928509461
8.255705448296469E-9      94.23225857312455
8.461888307473043E-9      94.2319178611545
8.66807116664962E-9       94.23157714918445
8.874254025826196E-9      94.23123643721439
9.099403220660955E-9      94.22985880740002
9.324552415495714E-9      94.22848117758565
9.549701610330474E-9      94.22710354777128
9.774850805165232E-9      94.22572591795691
9.999999999999992E-9      94.22434828814254
1.0225149194834752E-8     94.21969531146739
1.045029838966951E-8      94.21504233479223
1.067544758450427E-8      94.21038935811708
1.0900596779339028E-8     94.20573638144194
1.1125745974173788E-8     94.20108340476679
1.1331928833350368E-8     94.1882068619781
1.1538111692526947E-8     94.17533031918944
1.1744294551703525E-8     94.16245377640075
1.1950477410880106E-8     94.14957723361206
1.2156660270056686E-8     94.13670069082339
1.2343296454852464E-8     94.1055854589914
1.252993263964824E-8      94.0744702271594
1.2716568824444016E-8     94.0433549953274
1.2903205009239795E-8     94.01223976349539
1.308984119403557E-8      93.9811245316634
1.3258783655790755E-8     93.9131324773757
1.3427726117545937E-8     93.84514042308801
1.359666857930112E-8      93.77714836880031
1.3765611041056303E-8     93.70915631451263
1.3934553502811485E-8     93.64116426022493
1.4087479664462868E-8     93.50544647500813
1.4240405826114248E-8     93.36972868979134
1.439333198776563E-8      93.23401090457455
1.4546258149417012E-8     93.09829311935775
1.4699184311068394E-8     92.96257533414095
1.4837612570610523E-8     92.71318295239311
1.4976040830152653E-8     92.46379057064524
1.511446908969478E-8      92.2143981888974
1.525289734923691E-8      91.96500580714955
1.539132560877904E-8      91.7156134254017
1.5516630414679068E-8     91.29155882814149
1.5641935220579097E-8     90.86750423088125
1.576724002647913E-8      90.44344963362104
1.5892544832379157E-8     90.0193950363608
1.6017849638279186E-8     89.5953404391006
1.6131275137218235E-8     88.92551808980531
1.6244700636157284E-8     88.25569574051002
1.635812613509633E-8      87.58587339121473
1.6471551634035378E-8     86.91605104191945
1.6584977132974427E-8     86.24622869262416
1.6687649522229866E-8     85.26258425070993
1.6790321911485305E-8     84.27893980879571
1.6892994300740748E-8     83.29529536688148
1.6995666689996187E-8     82.31165092496727
1.7098339079251626E-8     81.32800648305303
1.7191277788931725E-8     79.98590117718646
1.7284216498611824E-8     78.64379587131987
1.737715520829192E-8      77.30169056545328
1.747009391797202E-8      75.9595852595867
1.756303262765212E-8      74.61747995372012
1.7647160442582766E-8     72.91858739606252
1.773128825751341E-8      71.2196948384049
1.7815416072444053E-8     69.5208022807473
1.7899543887374696E-8     67.8219097230897
1.7983671702305343E-8     66.1230171654321
1.805982392403696E-8      64.13056446868276
1.8135976145768583E-8     62.138111771933396
1.8212128367500202E-8     60.14565907518405
1.8288280589231824E-8     58.1532063784347
1.8364432810963442E-8     56.16075368168535
1.8433365552012273E-8     53.99802642602018
1.8502298293061096E-8     51.835299170355015
1.857123103410993E-8      49.67257191468985
1.8640163775158753E-8     47.50984465902468
1.8709096516207583E-8     45.34711740335951
1.8771494207307272E-8     43.176546300191646
1.883389189840696E-8      41.00597519702377
1.8896289589506644E-8     38.8354040938559
1.8958687280606333E-8     36.664832990688026
1.9021084971706022E-8     34.49426188752016
1.9077567156551446E-8     32.48098816832658
1.9134049341396865E-8     30.467714449133
1.9190531526242286E-8     28.45444072993942
1.9247013711087707E-8     26.44116701074584
1.930349589593313E-8      24.42789329155226
1.9354623384441523E-8     22.705495469394318
1.9405750872949914E-8     20.983097647236374
1.9456878361458308E-8     19.260699825078433
1.95080058499667E-8       17.53830200292049
1.9559133338475093E-8     15.815904180762546
1.9605413772971743E-8     14.464804807618412
1.9651694207468397E-8     13.113705434474277
1.9697974641965047E-8     11.762606061330143
1.9744255076461697E-8     10.411506688186009
1.9790535510958347E-8     9.060407315041873
1.9832428408766678E-8     8.101101809240868
1.987432130657501E-8      7.141796303439861
1.991621420438334E-8      6.182490797638856
1.995810710219167E-8      5.223185291837849
2.0E-8                    4.263879786036843
0                         100.09109071402644
4.189289780832979E-11     100.09109071449112
8.378579561665958E-11     100.09109071495578
1.2567869342498936E-10    100.09109071542046
1.6757159123331916E-10    100.09109071588513
2.0946448904164892E-10    100.09109071634981
2.5574492353830083E-10    100.09109071744186
3.020253580349527E-10     100.09109071853392
3.483057925316046E-10     100.09109071962597
3.945862270282565E-10     100.09109072071803
4.4086666152490835E-10    100.09109072181008
4.919941500333006E-10     100.09109072351266
5.431216385416927E-10     100.09109072521522
5.942491270500851E-10     100.09109072691781
6.453766155584772E-10     100.09109072862039
6.965041040668695E-10     100.09109073032296
7.529862889122908E-10     100.09109073272938
8.094684737577123E-10     100.0910907351358
8.659506586031335E-10     100.09109073754223
9.22432843448555E-10      100.09109073994864
9.789150282939763E-10     100.09109074235506
1.0413127193936645E-9     100.09109074491882
1.1037104104933525E-9     100.09109074748255
1.1661081015930407E-9     100.09109075004629
1.228505792692729E-9      100.09109075261004
1.290903483792417E-9      100.09109075517378
1.3598362248412454E-9     100.09109075654021
1.4287689658900735E-9     100.09109075790663
1.4977017069389018E-9     100.09109075927306
1.5666344479877299E-9     100.09109076063947
1.6355671890365582E-9     100.0910907620059
1.7117194107681762E-9     100.09109075925564
1.7878716324997942E-9     100.09109075650537
1.864023854231412E-9      100.09109075375508
1.94017607596303E-9       100.09109075100481
2.016328297694648E-9      100.09109074825454
2.1004561126252937E-9     100.09109073493724
2.184583927555939E-9      100.09109072161993
2.268711742486584E-9      100.09109070830262
2.3528395574172295E-9     100.09109069498531
2.4369673723478746E-9     100.091090681668
2.529906082027975E-9      100.09109064398467
2.622844791708075E-9      100.09109060630135
2.715783501388175E-9      100.09109056861801
2.808722211068275E-9      100.0910905309347
2.901660920748375E-9      100.09109049325136
3.004333310003815E-9      100.0910904014468
3.107005699259255E-9      100.09109030964225
3.209678088514695E-9      100.09109021783769
3.3123504777701346E-9     100.09109012603314
3.4150228670255746E-9     100.09109003422859
3.5284483659646214E-9     100.09108982243362
3.641873864903668E-9      100.09108961063865
3.755299363842715E-9      100.09108939884368
3.868724862781761E-9      100.09108918704871
3.982150361720808E-9      100.09108897525374
4.107455167620838E-9      100.0910884915062
4.2327599735208685E-9     100.09108800775866
4.358064779420899E-9      100.09108752401113
4.48336958532093E-9       100.09108704026359
4.60867439122096E-9       100.09108655651605
4.74710265076309E-9       100.09108543065885
4.885530910305219E-9      100.09108430480165
5.023959169847349E-9      100.09108317894444
5.162387429389479E-9      100.09108205308725
5.3008156889316085E-9     100.09108092723005
5.453741850582991E-9      100.09107819830216
5.606668012234374E-9      100.09107546937426
5.7595941738857555E-9     100.09107274044635
5.912520335537139E-9      100.09107001151845
6.065446497188521E-9      100.09106728259056
6.234388958943705E-9      100.09106025199218
6.403331420698887E-9      100.0910532213938
6.57227388245407E-9       100.09104619079541
6.7412163442092536E-9     100.09103916019704
6.910158805964436E-9      100.09103212959866
7.096794990760213E-9      100.09101245677269
7.283431175555989E-9      100.0909927839467
7.470067360351766E-9      100.09097311112072
7.656703545147541E-9      100.09095343829475
7.843339729943318E-9      100.09093376546876
8.049522589119894E-9      100.0908728866243
8.255705448296469E-9      100.09081200777982
8.461888307473043E-9      100.09075112893535
8.66807116664962E-9       100.09069025009087
8.874254025826196E-9      100.09062937124641
9.099403220660955E-9      100.09042151143997
9.324552415495714E-9      100.09021365163353
9.549701610330474E-9      100.0900057918271
9.774850805165232E-9      100.08979793202066
9.999999999999992E-9      100.08959007221422
1.0225149194834752E-8     100.0889151991339
1.045029838966951E-8      100.08824032605357
1.067544758450427E-8      100.08756545297325
1.0900596779339028E-8     100.08689057989292
1.1125745974173788E-8     100.0862157068126
1.1331928833350368E-8     100.0843366026705
1.1538111692526947E-8     100.08245749852841
1.1744294551703525E-8     100.08057839438631
1.1950477410880106E-8     100.07869929024422
1.2156660270056686E-8     100.07682018610213
1.2343296454852464E-8     100.07218497174408
1.252993263964824E-8      100.06754975738602
1.2716568824444016E-8     100.06291454302797
1.2903205009239795E-8     100.05827932866993
1.308984119403557E-8      100.05364411431187
1.3258783655790755E-8     100.04325659174634
1.3427726117545937E-8     100.03286906918079
1.359666857930112E-8      100.02248154661527
1.3765611041056303E-8     100.01209402404973
1.3934553502811485E-8     100.0017065014842
1.4087479664462868E-8     99.98039530735446
1.4240405826114248E-8     99.9590841132247
1.439333198776563E-8      99.93777291909497
1.4546258149417012E-8     99.91646172496522
1.4699184311068394E-8     99.89515053083548
1.4837612570610523E-8     99.85478934209064
1.4976040830152653E-8     99.81442815334579
1.511446908969478E-8      99.77406696460093
1.525289734923691E-8      99.7337057758561
1.539132560877904E-8      99.69334458711124
1.5516630414679068E-8     99.62226138877902
1.5641935220579097E-8     99.5511781904468
1.576724002647913E-8      99.48009499211459
1.5892544832379157E-8     99.40901179378237
1.6017849638279186E-8     99.33792859545015
1.6131275137218235E-8     99.22064552444112
1.6244700636157284E-8     99.10336245343208
1.635812613509633E-8      98.98607938242306
1.6471551634035378E-8     98.86879631141402
1.6584977132974427E-8     98.75151324040499
1.6687649522229866E-8     98.56930097584042
1.6790321911485305E-8     98.38708871127582
1.6892994300740748E-8     98.20487644671124
1.6995666689996187E-8     98.02266418214666
1.7098339079251626E-8     97.84045191758207
1.7191277788931725E-8     97.57276455819047
1.7284216498611824E-8     97.30507719879884
1.737715520829192E-8      97.03738983940723
1.747009391797202E-8      96.76970248001561
1.756303262765212E-8      96.502015120624
1.7647160442582766E-8     96.12886985085214
1.773128825751341E-8      95.75572458108027
1.7815416072444053E-8     95.3825793113084
1.7899543887374696E-8     95.00943404153655
1.7983671702305343E-8     94.63628877176468
1.805982392403696E-8      94.14105700741021
1.8135976145768583E-8     93.64582524305574
1.8212128367500202E-8     93.15059347870127
1.8288280589231824E-8     92.6553617143468
1.8364432810963442E-8     92.16012994999232
1.8433365552012273E-8     91.53230524322964
1.8502298293061096E-8     90.90448053646695
1.857123103410993E-8      90.27665582970427
1.8640163775158753E-8     89.64883112294157
1.8709096516207583E-8     89.02100641617889
1.8771494207307272E-8     88.25865140747835
1.883389189840696E-8      87.4962963987778
1.8896289589506644E-8     86.73394139007728
1.8958687280606333E-8     85.97158638137672
1.9021084971706022E-8     85.20923137267619
1.9077567156551446E-8     84.32030274200712
1.9134049341396865E-8     83.43137411133804
1.9190531526242286E-8     82.54244548066896
1.9247013711087707E-8     81.65351684999989
1.930349589593313E-8      80.76458821933082
1.9354623384441523E-8     79.76660652068875
1.9405750872949914E-8     78.76862482204668
1.9456878361458308E-8     77.77064312340461
1.95080058499667E-8       76.77266142476253
1.9559133338475093E-8     75.77467972612047
1.9605413772971743E-8     74.69301642252351
1.9651694207468397E-8     73.61135311892654
1.9697974641965047E-8     72.52968981532958
1.9744255076461697E-8     71.4480265117326
1.9790535510958347E-8     70.36636320813564
1.9832428408766678E-8     69.23257252453725
1.987432130657501E-8      68.09878184093887
1.991621420438334E-8      66.96499115734048
1.995810710219167E-8      65.8312004737421
2.0E-8                    64.69740979014371
0                         991.9085882644207
4.189289780832979E-11     991.9085888827587
8.378579561665958E-11     991.9085895010967
1.2567869342498936E-10    991.9085901194346
1.6757159123331916E-10    991.9085907377726
2.0946448904164892E-10    991.9085913561106
2.5574492353830083E-10    991.9085930129168
3.020253580349527E-10     991.9085946697229
3.483057925316046E-10     991.908596326529
3.945862270282565E-10     991.9085979833353
4.4086666152490835E-10    991.9085996401415
4.919941500333006E-10     991.9086026749878
5.431216385416927E-10     991.9086057098342
5.942491270500851E-10     991.9086087446806
6.453766155584772E-10     991.908611779527
6.965041040668695E-10     991.9086148143733
7.529862889122908E-10     991.9086197715656
8.094684737577123E-10     991.9086247287577
8.659506586031335E-10     991.9086296859499
9.22432843448555E-10      991.908634643142
9.789150282939763E-10     991.9086396003343
1.0413127193936645E-9     991.9086470081779
1.1037104104933525E-9     991.9086544160217
1.1661081015930407E-9     991.9086618238653
1.228505792692729E-9      991.9086692317089
1.290903483792417E-9      991.9086766395527
1.3598362248412454E-9     991.9086872016676
1.4287689658900735E-9     991.9086977637825
1.4977017069389018E-9     991.9087083258974
1.5666344479877299E-9     991.9087188880122
1.6355671890365582E-9     991.9087294501271
1.7117194107681762E-9     991.9087440832533
1.7878716324997942E-9     991.9087587163792
1.864023854231412E-9      991.9087733495055
1.94017607596303E-9       991.9087879826316
2.016328297694648E-9      991.9088026157576
2.1004561126252937E-9     991.9088225114987
2.184583927555939E-9      991.9088424072396
2.268711742486584E-9      991.9088623029804
2.3528395574172295E-9     991.9088821987215
2.4369673723478746E-9     991.9089020944624
2.529906082027975E-9      991.9089288091653
2.622844791708075E-9      991.908955523868
2.715783501388175E-9      991.908982238571
2.808722211068275E-9      991.9090089532738
2.901660920748375E-9      991.9090356679766
3.004333310003815E-9      991.9090712489725
3.107005699259255E-9      991.9091068299686
3.209678088514695E-9      991.9091424109644
3.3123504777701346E-9     991.9091779919604
3.4150228670255746E-9     991.9092135729563
3.5284483659646214E-9     991.9092607762166
3.641873864903668E-9      991.9093079794768
3.755299363842715E-9      991.909355182737
3.868724862781761E-9      991.9094023859973
3.982150361720808E-9      991.9094495892575
4.107455167620838E-9      991.9095121958707
4.2327599735208685E-9     991.9095748024838
4.358064779420899E-9      991.9096374090971
4.48336958532093E-9       991.9097000157102
4.60867439122096E-9       991.9097626223233
4.74710265076309E-9       991.9098459611926
4.885530910305219E-9      991.9099293000615
5.023959169847349E-9      991.9100126389308
5.162387429389479E-9      991.9100959777999
5.3008156889316085E-9     991.910179316669
5.453741850582991E-9      991.9102910909543
5.606668012234374E-9      991.9104028652395
5.7595941738857555E-9     991.9105146395248
5.912520335537139E-9      991.9106264138098
6.065446497188521E-9      991.9107381880951
6.234388958943705E-9      991.9108899316254
6.403331420698887E-9      991.9110416751558
6.57227388245407E-9       991.9111934186861
6.7412163442092536E-9     991.9113451622165
6.910158805964436E-9      991.9114969057468
7.096794990760213E-9      991.9117066320727
7.283431175555989E-9      991.9119163583983
7.470067360351766E-9      991.9121260847242
7.656703545147541E-9      991.9123358110498
7.843339729943318E-9      991.9125455373756
8.049522589119894E-9      991.9128427021479
8.255705448296469E-9      991.9131398669202
8.461888307473043E-9      991.9134370316925
8.66807116664962E-9       991.9137341964647
8.874254025826196E-9      991.9140313612371
9.099403220660955E-9      991.9144651461423
9.324552415495714E-9      991.9148989310477
9.549701610330474E-9      991.9153327159528
9.774850805165232E-9      991.9157665008581
9.999999999999992E-9      991.9162002857634
1.0225149194834752E-8     991.9168012510875
1.045029838966951E-8      991.9174022164115
1.067544758450427E-8      991.9180031817357
1.0900596779339028E-8     991.9186041470597
1.1125745974173788E-8     991.9192051123838
1.1331928833350368E-8     991.9199768678671
1.1538111692526947E-8     991.9207486233505
1.1744294551703525E-8     991.9215203788339
1.1950477410880106E-8     991.9222921343171
1.2156660270056686E-8     991.9230638898006
1.2343296454852464E-8     991.9240394376932
1.252993263964824E-8      991.9250149855858
1.2716568824444016E-8     991.9259905334783
1.2903205009239795E-8     991.9269660813709
1.308984119403557E-8      991.9279416292635
1.3258783655790755E-8     991.9291804081643
1.3427726117545937E-8     991.9304191870649
1.359666857930112E-8      991.9316579659657
1.3765611041056303E-8     991.9328967448664
1.3934553502811485E-8     991.934135523767
1.4087479664462868E-8     991.9357039084346
1.4240405826114248E-8     991.9372722931018
1.439333198776563E-8      991.9388406777693
1.4546258149417012E-8     991.9404090624367
1.4699184311068394E-8     991.9419774471041
1.4837612570610523E-8     991.9439388988754
1.4976040830152653E-8     991.9459003506468
1.511446908969478E-8      991.947861802418
1.525289734923691E-8      991.9498232541891
1.539132560877904E-8      991.9517847059604
1.5516630414679068E-8     991.954054680131
1.5641935220579097E-8     991.9563246543014
1.576724002647913E-8      991.9585946284719
1.5892544832379157E-8     991.9608646026425
1.6017849638279186E-8     991.963134576813
1.6131275137218235E-8     991.9645192905406
1.6244700636157284E-8     991.965904004268
1.635812613509633E-8      991.9672887179956
1.6471551634035378E-8     991.9686734317231
1.6584977132974427E-8     991.9700581454507
1.6687649522229866E-8     991.9633801264508
1.6790321911485305E-8     991.9567021074507
1.6892994300740748E-8     991.9500240884508
1.6995666689996187E-8     991.9433460694507
1.7098339079251626E-8     991.9366680504507
1.7191277788931725E-8     991.8893787128478
1.7284216498611824E-8     991.8420893752449
1.737715520829192E-8      991.7948000376418
1.747009391797202E-8      991.7475107000389
1.756303262765212E-8      991.700221362436
1.7647160442582766E-8     991.492449619689
1.773128825751341E-8      991.2846778769418
1.7815416072444053E-8     991.0769061341948
1.7899543887374696E-8     990.8691343914477
1.7983671702305343E-8     990.6613626487007
1.805982392403696E-8      989.9232325133993
1.8135976145768583E-8     989.1851023780978
1.8212128367500202E-8     988.4469722427964
1.8288280589231824E-8     987.708842107495
1.8364432810963442E-8     986.9707119721935
1.8433365552012273E-8     984.7295544725177
1.8502298293061096E-8     982.4883969728418
1.857123103410993E-8      980.247239473166
1.8640163775158753E-8     978.00608197349
1.8709096516207583E-8     975.7649244738142
1.8771494207307272E-8     969.8473349735154
1.883389189840696E-8      963.9297454732166
1.8896289589506644E-8     958.0121559729178
1.8958687280606333E-8     952.0945664726189
1.9021084971706022E-8     946.1769769723202
1.9077567156551446E-8     932.5994544121809
1.9134049341396865E-8     919.0219318520417
1.9190531526242286E-8     905.4444092919023
1.9247013711087707E-8     891.8668867317631
1.930349589593313E-8      878.2893641716238
1.9354623384441523E-8     851.7772891599104
1.9405750872949914E-8     825.2652141481968
1.9456878361458308E-8     798.7531391364835
1.95080058499667E-8       772.2410641247701
1.9559133338475093E-8     745.7289891130566
1.9605413772971743E-8     703.5130189521891
1.9651694207468397E-8     661.2970487913215
1.9697974641965047E-8     619.0810786304539
1.9744255076461697E-8     576.8651084695863
1.9790535510958347E-8     534.6491383087188
1.9832428408766678E-8     483.5943267150677
1.987432130657501E-8      432.5395151214167
1.991621420438334E-8      381.48470352776565
1.995810710219167E-8      330.42989193411455
2.0E-8                    279.3750803404635
0                         999.5455230870788
4.189289780832979E-11     999.5455230950938
8.378579561665958E-11     999.5455231031086
1.2567869342498936E-10    999.5455231111235
1.6757159123331916E-10    999.5455231191386
2.0946448904164892E-10    999.5455231271534
2.5574492353830083E-10    999.5455231486329
3.020253580349527E-10     999.5455231701123
3.483057925316046E-10     999.5455231915919
3.945862270282565E-10     999.5455232130714
4.4086666152490835E-10    999.5455232345508
4.919941500333006E-10     999.5455232739005
5.431216385416927E-10     999.54552331325
5.942491270500851E-10     999.5455233525995
6.453766155584772E-10     999.5455233919491
6.965041040668695E-10     999.5455234312986
7.529862889122908E-10     999.5455234955919
8.094684737577123E-10     999.5455235598849
8.659506586031335E-10     999.5455236241781
9.22432843448555E-10      999.5455236884713
9.789150282939763E-10     999.5455237527644
1.0413127193936645E-9     999.5455238488806
1.1037104104933525E-9     999.5455239449967
1.1661081015930407E-9     999.5455240411129
1.228505792692729E-9      999.545524137229
1.290903483792417E-9      999.5455242333452
1.3598362248412454E-9     999.5455243704529
1.4287689658900735E-9     999.5455245075605
1.4977017069389018E-9     999.5455246446681
1.5666344479877299E-9     999.5455247817758
1.6355671890365582E-9     999.5455249188834
1.7117194107681762E-9     999.5455251089899
1.7878716324997942E-9     999.5455252990962
1.864023854231412E-9      999.5455254892025
1.94017607596303E-9       999.5455256793089
2.016328297694648E-9      999.5455258694152
2.1004561126252937E-9     999.5455261281585
2.184583927555939E-9      999.5455263869017
2.268711742486584E-9      999.5455266456449
2.3528395574172295E-9     999.5455269043882
2.4369673723478746E-9     999.5455271631314
2.529906082027975E-9      999.5455275110215
2.622844791708075E-9      999.5455278589116
2.715783501388175E-9      999.5455282068016
2.808722211068275E-9      999.5455285546917
2.901660920748375E-9      999.5455289025817
3.004333310003815E-9      999.5455293667402
3.107005699259255E-9      999.5455298308985
3.209678088514695E-9      999.545530295057
3.3123504777701346E-9     999.5455307592154
3.4150228670255746E-9     999.5455312233738
3.5284483659646214E-9     999.5455318405335
3.641873864903668E-9      999.545532457693
3.755299363842715E-9      999.5455330748526
3.868724862781761E-9      999.5455336920122
3.982150361720808E-9      999.5455343091718
4.107455167620838E-9      999.5455351300719
4.2327599735208685E-9     999.5455359509721
4.358064779420899E-9      999.5455367718721
4.48336958532093E-9       999.5455375927721
4.60867439122096E-9       999.5455384136723
4.74710265076309E-9       999.5455395103493
4.885530910305219E-9      999.5455406070263
5.023959169847349E-9      999.5455417037034
5.162387429389479E-9      999.5455428003804
5.3008156889316085E-9     999.5455438970574
5.453741850582991E-9      999.5455453745064
5.606668012234374E-9      999.5455468519555
5.7595941738857555E-9     999.5455483294044
5.912520335537139E-9      999.5455498068534
6.065446497188521E-9      999.5455512843024
6.234388958943705E-9      999.5455533010773
6.403331420698887E-9      999.5455553178522
6.57227388245407E-9       999.5455573346271
6.7412163442092536E-9     999.5455593514021
6.910158805964436E-9      999.5455613681769
7.096794990760213E-9      999.5455641739931
7.283431175555989E-9      999.545566979809
7.470067360351766E-9      999.5455697856252
7.656703545147541E-9      999.5455725914412
7.843339729943318E-9      999.5455753972573
8.049522589119894E-9      999.5455794040996
8.255705448296469E-9      999.5455834109418
8.461888307473043E-9      999.5455874177842
8.66807116664962E-9       999.5455914246265
8.874254025826196E-9      999.5455954314688
9.099403220660955E-9      999.5456013356796
9.324552415495714E-9      999.5456072398904
9.549701610330474E-9      999.5456131441011
9.774850805165232E-9      999.5456190483119
9.999999999999992E-9      999.5456249525228
1.0225149194834752E-8     999.545633217699
1.045029838966951E-8      999.5456414828753
1.067544758450427E-8      999.5456497480515
1.0900596779339028E-8     999.5456580132277
1.1125745974173788E-8     999.545666278404
1.1331928833350368E-8     999.5456770045903
1.1538111692526947E-8     999.5456877307763
1.1744294551703525E-8     999.5456984569626
1.1950477410880106E-8     999.5457091831488
1.2156660270056686E-8     999.5457199093349
1.2343296454852464E-8     999.5457336095611
1.252993263964824E-8      999.5457473097871
1.2716568824444016E-8     999.5457610100132
1.2903205009239795E-8     999.5457747102392
1.308984119403557E-8      999.5457884104653
1.3258783655790755E-8     999.545805993018
1.3427726117545937E-8     999.5458235755705
1.359666857930112E-8      999.545841158123
1.3765611041056303E-8     999.5458587406756
1.3934553502811485E-8     999.5458763232282
1.4087479664462868E-8     999.5458987593664
1.4240405826114248E-8     999.5459211955047
1.439333198776563E-8      999.5459436316429
1.4546258149417012E-8     999.545966067781
1.4699184311068394E-8     999.5459885039193
1.4837612570610523E-8     999.5460154086139
1.4976040830152653E-8     999.5460423133085
1.511446908969478E-8      999.5460692180031
1.525289734923691E-8      999.5460961226977
1.539132560877904E-8      999.5461230273924
1.5516630414679068E-8     999.5461377811658
1.5641935220579097E-8     999.5461525349394
1.576724002647913E-8      999.5461672887128
1.5892544832379157E-8     999.5461820424864
1.6017849638279186E-8     999.5461967962599
1.6131275137218235E-8     999.5460645175081
1.6244700636157284E-8     999.5459322387562
1.635812613509633E-8      999.5457999600044
1.6471551634035378E-8     999.5456676812526
1.6584977132974427E-8     999.5455354025007
1.6687649522229866E-8     999.5444786317382
1.6790321911485305E-8     999.5434218609757
1.6892994300740748E-8     999.5423650902133
1.6995666689996187E-8     999.5413083194508
1.7098339079251626E-8     999.5402515486883
1.7191277788931725E-8     999.5347424269303
1.7284216498611824E-8     999.5292333051722
1.737715520829192E-8      999.5237241834142
1.747009391797202E-8      999.5182150616562
1.756303262765212E-8      999.5127059398981
1.7647160442582766E-8     999.4896601064831
1.773128825751341E-8      999.4666142730679
1.7815416072444053E-8     999.443568439653
1.7899543887374696E-8     999.4205226062379
1.7983671702305343E-8     999.3974767728228
1.805982392403696E-8      999.3161199780258
1.8135976145768583E-8     999.2347631832287
1.8212128367500202E-8     999.1534063884316
1.8288280589231824E-8     999.0720495936345
1.8364432810963442E-8     998.9906927988375
1.8433365552012273E-8     998.7418307901756
1.8502298293061096E-8     998.4929687815138
1.857123103410993E-8      998.2441067728519
1.8640163775158753E-8     997.9952447641901
1.8709096516207583E-8     997.7463827555282
1.8771494207307272E-8     997.0751387674762
1.883389189840696E-8      996.403894779424
1.8896289589506644E-8     995.7326507913721
1.8958687280606333E-8     995.0614068033199
1.9021084971706022E-8     994.3901628152679
1.9077567156551446E-8     992.7725917171425
1.9134049341396865E-8     991.1550206190173
1.9190531526242286E-8     989.5374495208919
1.9247013711087707E-8     987.9198784227665
1.930349589593313E-8      986.3023073246412
1.9354623384441523E-8     982.7893595004492
1.9405750872949914E-8     979.276411676257
1.9456878361458308E-8     975.763463852065
1.95080058499667E-8       972.2505160278729
1.9559133338475093E-8     968.7375682036808
1.9605413772971743E-8     961.860005681784
1.9651694207468397E-8     954.9824431598871
1.9697974641965047E-8     948.1048806379902
1.9744255076461697E-8     941.2273181160932
1.9790535510958347E-8     934.3497555941964
1.9832428408766678E-8     922.2748951086473
1.987432130657501E-8      910.2000346230983
1.991621420438334E-8      898.1251741375493
1.995810710219167E-8      886.0503136520002
2.0E-8                    873.9754531664512
